373 4748 7843 7725 9421 3811 5115 1078 1271 1450 6326 1798 2399 674 9378 1468 1336 5167 8985 3686 5911 9949 7239 1428 3088 4270 2073 8696 4852 3375 7038 5875 6783 9747 1000 8976 3645 3445 5969 8264 9300 6347 8042 3562 2838 8958 9525 7307 4446 5940 5758 4830 537 1518 7071 4432 8829 3180 8596 1543 119 552 1962 5098 6406 8707 1274 80 7808 2497 4859 1364 5065 8018 2788 3954 6926 4357 4116 7477 2207 6087 4095 5543 2373 4600 2812 2654 9854 1886 2813 9400 5741 7065 4250 4104 7955 1526 20 1544 
4073 676 5076 4966 9309 231 2733 3672 2715 4307 2434 2307 8774 8150 9408 8750 7783 6868 6004 9486 8964 3241 3996 764 161 423 6740 2978 3015 5460 7741 4408 44 296 9574 2748 8734 2780 5779 3531 2650 6448 8832 2974 8181 682 1974 1059 5914 6917 8879 5130 7981 982 7802 4299 6367 9153 6585 779 3393 9647 856 2853 8801 9069 5192 793 2679 9962 7286 8663 1142 2672 3721 5223 4978 2036 6200 5657 712 3548 5729 4696 6952 5362 7258 9989 4974 994 9083 714 7744 7043 7063 4146 4632 8490 8422 8855 
8782 271 3664 7325 1916 6478 4655 1917 477 1616 6985 5351 5817 3036 5002 262 7855 5302 1552 5752 513 2070 8343 4729 6164 5107 507 4253 820 7787 9303 1909 6846 2993 5304 9395 7212 3528 7028 3295 4712 3595 4448 9398 2187 9991 5478 7330 8089 7142 4506 8605 2058 4953 6630 4717 8419 1257 1052 3961 9849 8659 5755 1087 6610 5980 3849 5015 8743 4350 277 819 3245 5784 3381 4075 8107 317 1730 4230 4961 8660 9132 3378 4148 2193 7230 1975 8403 7004 5485 4358 771 2468 568 7505 4485 9782 5720 2562 
7523 0 1724028112 0 0 0 8782 1916 477 5817 7855 513 6164 820 6846 7212 4712 2187 8089 2058 8419 9849 6610 8743 3245 8107 4961 4148 8403 771 4485 -1093969840 1724742368 -536870912 -1073741824 -1610612736 1073741824 1610612736 -2147483648 536870912 0 0 536870912 0 -2147483648 -536870912 1610612736 536870912 1610612736 -1073741824 -1073741824 -1610612736 -1073741824 0 536870912 -1610612736 400 1720581552 1720581952 1724742368 1724742880 1724743280 0 0 1107820544 -1071439083 -1104415249 -1078017026 -1122076568 -1080098869 1051973015 1042514146 1064193816 1039302915 -1079089422 1052159364 1052461251 -1112687477 -1111868998 1044174532 -1099924043 -1088891221 -1101311861 -1112002044 1042911440 -1146280296 -1091354837 1040316811 971540346 -1102650925 1065353216 1058113705 1076703017 1074121452 1062294905 1017378530 1049256266 -1105083066 -1104180420 -1133876421 
4138 7917 7497 4988 2455 6989 3077 9313 6630 4606 3595 8598 2193 7212 6387 6345 5377 8194 1389 3163 8006 5640 3412 4188 5980 513 9244 1895 4358 2565 5720 721 4717 3212 7626 317 8071 1732 4485 7769 9900 2773 771 5784 2939 7352 6900 5893 8756 3545 8059 5015 6939 5422 4326 4655 7142 470 6110 4570 6929 7638 1842 5522 3014 4100 7687 7140 7968 8536 3242 9699 6795 271 1628 1890 9248 7909 9277 8649 9991 9826 1552 5107 7303 8886 7325 2187 5801 9917 3381 4075 475 5154 3919 3509 5559 6535 8659 4506 
168 9271 3964 651 8803 8791 2402 2533 1374 4503 1990 9173 9946 7393 7088 7768 9116 4788 2293 8477 7549 4696 8446 66 2705 675 6271 7093 2104 7570 817 9670 7590 994 2839 6889 714 3855 5530 1530 4410 8177 958 2140 4883 3389 8181 793 6778 7757 598 7783 9546 9702 4287 6289 1410 9723 6942 4613 5729 343 5030 9276 8750 1363 7995 8420 5223 9061 9890 5130 4299 6383 9153 1320 8324 5657 313 3297 3060 1974 7514 5914 2385 5192 7031 6448 730 6004 3875 4328 6214 2434 2556 4338 1187 3687 8500 6308 
270 3523 2611 1441 9781 4673 5093 6802 4782 6893 2287 9897 3947 8988 2076 6069 7693 9942 9506 886 5736 7257 3491 5345 947 9493 5843 8925 48 1520 8370 2443 3550 5473 2234 6938 8990 5329 1959 6370 5577 5016 4790 9642 5935 1058 8199 1148 3604 939 9697 3240 2211 2792 6924 7356 2577 3020 8767 5902 7036 8494 9359 8317 7861 152 2059 546 287 4097 335 1788 3556 2168 8360 7395 983 322 265 952 8146 2389 7587 4124 1485 1138 1211 9582 9618 7970 6276 5492 2156 7624 2400 7941 4458 1654 5289 7345 
9071 7856 4620 1187 3728 6917 1026 6599 4978 3636 4503 7063 8500 4225 9083 7615 7043 9644 1222 296 2853 2569 5779 4353 8762 8233 6778 4613 9958 8150 3460 2021 4299 1649 7612 2334 2974 4408 3393 9989 3622 9702 7590 3723 6403 3955 1469 7514 8750 2844 1248 8951 1017 2434 9309 8855 7197 9890 1754 7258 2748 1048 682 1562 856 2733 6531 994 1242 44 1473 9940 416 2695 8879 7688 7741 2396 5657 3134 793 5130 5223 1059 4307 3772 982 885 2307 8420 8636 5148 3750 3687 958 7163 7510 4557 9486 801 
960 8951 9958 7612 1048 1473 5223 7856 801 1649 2569 6778 1222 7279 6403 6945 3460 4877 3622 6262 9106 4330 8233 3772 1469 2307 2748 994 8762 105 7847 7286 4353 3728 3979 9629 4307 2556 7456 6448 8064 8774 6917 9486 8879 3318 1017 2853 958 7043 5130 9702 1021 9408 8041 4557 8832 296 7460 5446 1187 4287 7496 5729 5533 7757 2978 7197 4503 2014 9206 2747 161 5710 764 6592 680 2941 9890 5539 4895 423 5148 4338 1411 205 8150 7031 1512 6308 231 7741 5967 9647 8863 2800 1026 9082 682 2021 
8477 4788 7514 8791 675 8181 5223 5446 5729 2434 9153 9647 651 817 9276 5530 2307 4338 6229 4557 9546 6289 6214 2733 6200 1473 4287 714 3389 3721 7570 6778 3962 7031 8879 9946 6448 5362 1530 5498 7093 7757 451 2140 865 6308 3060 8863 3134 8803 9173 9271 958 2705 682 2533 9890 3964 1242 5657 7088 8446 7783 44 168 5130 4503 2556 3283 856 1037 4307 8177 4883 8832 1990 1026 3750 66 1374 9486 4696 7393 5148 4613 3855 6485 7974 7549 3622 8500 2036 7286 2293 313 1974 7995 423 9116 9670 
9116 9670 651 598 1320 2533 6102 1187 9173 416 3855 7393 9106 7088 2493 9061 793 7768 4503 6339 6448 2385 7031 5914 675 3297 5657 1363 7570 4287 2396 3283 6307 1754 6383 1411 205 3348 5192 343 1990 7757 958 9206 7443 2271 9723 730 9486 9989 1311 4281 4788 8181 5030 7496 2402 4146 8801 2844 6485 9153 9088 168 714 6510 7490 7549 313 5533 2307 9546 8951 8446 2104 9083 423 2853 8855 2748 6945 9702 9071 6592 7514 3986 4732 6200 1037 9629 8420 9276 6262 3608 1021 5223 9069 1633 8324 6917 
2068 1939 2601 6605 6648 7327 5942 5972 1400 5109 7625 3267 2032 4994 2316 72 8019 7189 4872 9472 1791 708 1781 3774 1226 8488 1528 3236 8960 5395 7177 6684 2304 4127 9415 6675 3887 4180 7585 9593 9164 9357 7723 6516 8094 2764 5051 7936 7079 6158 6316 2849 862 8268 5459 1471 9414 591 8239 6761 3282 3602 7487 597 2652 8522 2003 9416 3922 7911 5404 7811 3054 5793 8319 418 7533 3341 8476 809 5465 6182 4010 9895 1898 1711 9226 7580 1478 6381 7034 2558 2252 2268 3857 1566 688 4847 2117 5924 
1505 7543 3372 3313 9770 7597 8725 8982 6934 6637 7320 6250 4536 90 6397 7842 4564 578 41 1001 3141 6856 6777 4320 1761 3952 5310 1609 3451 3068 3104 2829 6611 1868 5472 2804 4583 7158 9832 6197 6841 7156 462 37 7886 8108 9572 4585 7363 687 9474 4922 8316 3666 2454 238 2809 447 9261 7613 1381 5222 284 7340 8157 1175 5440 2630 3178 9431 7785 2310 2912 1035630297 1720926640 0 -2147483648 0 -536870912 -536870912 1610612736 -1610612736 536870912 0 1073741824 1073741824 -2147483648 -1610612736 536870912 -536870912 1610612736 -2147483648 536870912 -1610612736 536870912 -1610612736 0 536870912 -536870912 -536870912 
2909 1443 2771 2397 9887 5781 9722 386 1658 7773 4704 2686 7585 8395 3860 531 7752 5404 4580 402 7959 208 4501 8476 7275 4180 4747 1938 4065 5924 289 1714 6438 7533 5979 1393 2732 9482 7972 6811 6721 7342 8156 5471 3887 3131 276 7189 6321 2642 1939 7196 7080 6908 1226 6062 5094 6340 8090 5923 5942 6182 3589 9226 809 8001 3034 3774 6136 1892 5236 344 5821 5275 7644 9659 1615 7421 6457 1723 7493 4266 8273 3857 4155 2727 3162 7923 4183 8778 5188 8171 3377 8570 627 8738 7681 7503 5032 8019 
4287 2556 5223 960 8879 7456 9958 8181 801 5148 6778 105 4557 714 6448 8832 8500 7757 7856 9890 5710 3015 856 1222 7043 7286 9486 3622 4307 675 7612 9647 1411 7847 2568 3531 885 6726 8041 682 5130 3772 2834 5336 231 9629 4338 2293 7279 1990 5729 5657 6403 8064 195 6753 4146 8774 9106 3750 8791 4895 8831 6214 3639 4883 8636 7688 6308 1374 2104 7615 4330 1242 7197 9061 2748 1974 1649 4835 7093 7496 1863 3478 3979 2434 598 1048 3638 3060 8750 3389 3567 2800 4461 6377 2853 4225 2021 2008 
3337 5975 3959 6977 2221 6957 5467 1588 9518 7003 2466 8502 700 7734 9581 9916 7944 6537 2335 5678 653 8393 4368 424 2689 4424 4645 2707 7056 8711 7306 8619 5001 2116 2739 5691 6921 6118 4562 4169 3039 8678 3934 9042 6487 9933 9813 9893 7630 2509 202 6353 5254 3989 5410 5224 5851 3810 582 9913 8898 6357 936 8125 9168 8189 9013 248 8097 6953 7771 5494 9227 4267 9401 2472 1752 6202 5733 9800 128 7417 5042 5505 2517 822 3098 8009 5996 4653 3629 7106 7176 8346 8759 413 929 9505 2598 7934 
2466 9405 4267 3629 81 8325 6357 4822 424 8236 7106 5674 977 5696 2739 1927 6445 9042 787 6921 8009 8404 6696 8394 4244 1996 4730 2573 1979 7939 6175 5191 4597 4645 2472 3835 5355 5412 2116 6758 9168 1972 9800 2322 2387 6537 9098 8947 4489 2707 5040 7056 8502 8292 1161 4807 5037 3327 1339 3825 8898 7581 7176 6440 6673 6487 3959 3916 9930 7268 8790 4801 2791 9072 7875 661 2180 7892 3331 9200 1940 5042 8759 9367 5679 7529 6564 217 5678 55 2335 6092 4556 3864 2392 392 348 5851 2664 9565 
856 6448 8490 5446 4307 9153 3638 5223 8181 2014 9647 714 3567 960 5657 1411 7093 6367 2650 231 8150 7514 8791 7757 6383 9958 769 6778 257 2293 6308 7456 2853 8831 6726 5148 676 4338 4883 3015 1530 8964 9833 8233 4015 4330 6200 9486 8123 1990 2568 3389 2307 5533 3688 7754 5342 4146 1374 4877 2104 6214 8774 7688 1242 6599 5498 3134 2941 8803 8879 2705 4004 2493 3283 8144 4974 1516 5729 1974 8832 6403 3060 8951 7741 817 3622 675 3460 2556 2480 6485 7380 8324 2748 9644 2593 4461 1754 4557 
9288 8895 3303 6774 6815 4694 5062 759 1172 8469 7244 3046 4244 2382 6673 2227 9133 9367 7504 4849 7875 5110 9210 8437 4449 5412 1972 8234 541 1369 5221 320 6902 5454 7021 5037 6170 4222 9072 4806 6679 8931 4995 2308 5805 1416 7581 7946 5502 8790 1721 408 2791 6822 661 6851 4954 8292 9793 6910 590 4283 98 4967 7898 5191 3825 4739 213 3172 2615 8068 7669 8160 4730 5271 3546 691 1244 5040 3237 8325 1748 3100 2392 5679 159 1315 209 6541 1480 9098 6440 761 1032 6116 4757 8394 5355 1219 
4299 982 4620 5779 4408 5327 8420 2672 1187 9644 4503 4388 416 4978 4613 8801 9071 7590 651 7163 7757 2974 8750 1026 3241 2396 6448 9309 8181 2046 4632 1990 9670 6917 2853 1754 3996 7768 343 2533 6901 4146 856 8879 3426 8294 1926 6308 6599 8150 793 1374 1142 8500 7570 994 9069 2679 598 5751 4314 7754 8636 7514 3986 8791 7063 4328 5223 3688 168 5030 7615 7974 714 6403 2434 1530 2402 4287 6307 9116 2705 3393 6200 2844 5657 1320 885 5130 9106 1411 2008 2271 7981 7393 3134 2385 6102 958 
9857 8539 1513 129 1746 86 3722 4114 6172 8069 7453 4793 3189 4237 9918 2515 3465 8760 2736 6407 3853 1395 7052 9293 7571 7916 584 131 8874 5688 8669 5433 429 6618 6467 3678 6384 2327 1065 7312 8952 5719 6552 9099 9078 1054 7978 2105 3779 7505 4723 1418 1353 303 8493 8407 7524 9537 9000 1640 522 8603 7098 6833 8986 7814 7997 8577 3725 8681 8770 4878 4369 9103 5601 9182 8145 8111 2378 248 4539 5778 7745 2979 9152 3361 1858 8814 6498 9438 118 2724 7297 8305 396 9867 5052 1859 8580 523 
856 7757 1411 6308 7974 6448 1974 4974 7514 8879 8181 6214 5223 5652 9106 5342 4146 5336 7043 7456 885 7496 9153 960 6383 6200 4557 416 1990 4240 8064 8144 4307 6778 3567 5148 1026 4620 2140 2705 6367 9647 231 1021 3060 2493 958 5657 7981 9061 5076 2650 4287 7286 8500 2568 4338 3318 4225 1242 714 3304 8150 9644 9958 5729 1187 3478 2293 982 6724 5751 8951 9890 676 682 6307 3549 6339 8791 769 3466 598 3134 4966 2800 4314 8041 4732 7139 3962 7443 4621 2008 6485 7754 9629 105 3283 2853 
9271 7570 2402 9946 9962 865 2434 5729 9276 730 6531 313 817 7549 4788 8791 5530 7063 8446 4503 4410 2533 8181 3297 7258 6889 8477 6200 3964 168 1516 8803 9153 3622 5657 2733 6557 2396 4549 7334 3029 8177 1530 7757 4307 4015 7088 7490 5044 1248 7768 4287 3855 9557 4883 6599 9890 3283 958 1990 2715 9486 6229 7995 66 3979 1473 9702 8855 2679 5914 3393 1037 9546 4696 3986 675 4557 1649 8750 9989 3687 1754 6271 6308 5699 651 1926 8663 231 9116 1374 416 2748 6448 9723 6724 7856 3996 9173 
6760 3291 7752 4329 9312 5188 386 7533 402 531 2642 7421 9722 8182 5544 245 300 2686 6457 3377 4683 3162 6438 2909 8090 6516 1984 7196 4900 2732 6560 4232 9315 7773 4333 4183 7050 6491 5375 2295 1781 7189 8045 5821 5549 9511 7535 2652 8289 1533 8922 7342 3756 7651 1803 5159 6136 7493 7503 4789 6721 7723 2117 1658 3753 5471 6321 5924 8476 6218 5979 6187 289 5826 4580 951 2025 4180 7728 8093 7327 5781 5404 7338 899 1443 3093 4594 5587 6076 9743 4498 6169 6667 1226 1939 3589 3183 9482 353 
195 8353 2569 6004 9702 8410 3297 8073 2839 9546 8446 423 6271 9995 4685 1222 3639 168 9082 5599 2695 6825 8844 3618 2705 6508 2952 8734 9890 6585 3191 5460 5862 7043 793 8855 3855 1942 7783 4696 3964 44 994 958 5530 7141 5652 7995 2748 3531 3622 4328 2763 9833 712 6868 3723 1248 3608 916 7197 5446 6289 9083 7590 4503 9940 4549 9319 8181 5223 2844 2402 2556 66 1410 7139 9486 8150 4557 2800 651 2361 2853 9088 1048 6531 7334 6778 7093 6377 105 8420 1307 714 5498 2715 7768 5336 7456 
661 4283 6774 7875 4757 1172 4244 759 2308 5037 8234 3546 8895 6424 4449 5412 6851 8931 5221 4285 5062 4222 4801 3818 5390 8790 6696 320 26 98 8437 1748 4806 3100 966 382 3303 3457 213 5805 9367 5679 2718 7669 9072 9930 1369 9441 2770 7244 2285 4200 7021 6910 3716 6815 1339 8479 1972 9098 5454 5502 9133 8722 7268 1315 4739 9986 3046 3391 3331 1241 7056 8160 9210 2241 3237 5191 1008 1927 9149 2934 9899 1219 8469 2573 6679 7771 7504 2047 541 4967 6170 6624 217 1244 4488 6902 5851 392 
714 4307 4004 9833 9486 3478 6200 6778 5446 3060 8831 994 8774 3875 2748 4338 2014 5533 5223 2021 231 7031 5657 9153 6448 2307 3389 9408 9958 443 2036 2650 8181 8490 8832 9647 8879 1530 6214 2733 3622 2434 8964 7754 3466 5729 4557 7093 7741 296 8683 2800 6740 3283 6308 7744 6403 7615 5148 779 8863 8150 7514 1411 6726 44 3979 1048 7995 2008 3460 6633 7590 3687 4353 8547 2396 451 3962 2293 4146 9276 4015 9989 958 6367 1990 8324 3567 5362 9083 2556 764 3676 7757 6952 4330 9069 5530 6320 
7281 4574 9253 9338 4322 5128 3974 2797 5475 839 8184 4687 5447 574 4423 9919 6730 9825 7779 249 1015474446 1724694896 1073741824 1073741824 -2147483648 -536870912 -1073741824 0 -1073741824 1610612736 1073741824 -536870912 -2147483648 -1610612736 -536870912 -1073741824 1610612736 -536870912 536870912 536870912 1073741824 1073741824 536870912 0 1073741824 1073741824 -536870912 -1610612736 0 -536870912 -1610612736 -536870912 1610612736 0 -2147483648 1610612736 -1610612736 -1610612736 536870912 -1610612736 -1610612736 -536870912 1073741824 1610612736 -2147483648 -536870912 -536870912 -1073741824 -1073741824 1073741824 1073741824 -1102589816 0 -1073741824 1610612736 1073741824 -2147483648 -1073741824 -1073741824 -536870912 1610612736 0 -1073741824 536870912 -536870912 -1610612736 -1073741824 536870912 -2147483648 536870912 -1073741824 536870912 0 0 -1073741824 0 1610612736 -1610612736 1073741824 -1073741824 
3303 5502 4577 1219 3100 9806 1416 5679 7021 5248 6892 5454 2770 320 7244 6116 8234 4488 6902 1172 1315 9367 5805 9516 1339 4967 759 4449 8437 6679 5221 8790 465 98 966 5412 8931 9133 8469 3046 8325 4283 9441 6774 7268 3565 4285 5117 7025 1694 4511 2308 3546 4607 4713 5062 762 3658 7875 661 2934 2944 6440 188 3166 8895 413 1369 2047 7473 9149 213 5318 7179 4377 2645 4244 4222 2459 6842 7581 6910 5110 166 7771 541 5691 3457 6696 2285 1149 928 8502 1265 348 1785 7056 26 2573 1996 
5631 288 7556 6057 8481 1024 4430 4750 4893 1807 3280 7007 9331 7589 7223 9852 7662 7249 6285 8046 3130 1433 2907 2967 5337 4386 7288 529 8058 3317 8339 8883 5153 943 5234 3633 7584 6898 2065 593 1108 7879 8745 3766 1107 5620 847 3561 1127 2975 4119 8164 2266 4765 1217 5423 2508 6465 9382 6142 3475 8911 6358 4413 9842 4780 9393 4980 5305 337 2500 9115 547 7547 3557 1247 4563 875 4022 92 6374 1436 949 8448 459 2576 9258 2949 5709 4598 8023 6657 6398 5326 7479 9980 3796 176 3332 3692 
4432 8264 7038 7065 5357 20 3686 3088 6347 5875 8018 2788 9378 9747 5700 2373 7307 3445 5969 8596 3954 5167 5741 6926 1962 4859 8042 5098 1274 913 552 1450 2497 9993 3811 7808 4528 5940 3645 3993 7646 2812 2399 1543 6236 5245 22 4095 3375 1000 4940 2162 1336 8176 9386 7071 3232 4116 2073 9892 9421 3180 6946 80 9469 5758 4830 1544 1073 4270 4852 7899 9300 1078 713 3625 6128 9400 7799 8696 9274 6406 6796 4400 1364 8829 1510 2159 9924 1171 2654 2838 8707 2207 8976 6782 9525 6783 9818 119 
5233 9888 9345 158 6082 4205 3392 286 3458 8368 2621 9867 6728 7078 647 3868 8111 4824 757 1722 2417 8356 408 9491 6886 9689 3308 734 9896 4122 2959 4952 2342 5722 7867 1030 3140 347 1489 2459 5866 7207 3145 8614 706 9981 7706 3222 9551 482 9458 9563 28 8549 3309 8215 8433 8666 9588 5 9914 8712 2240 8284 7153 2148 2631 3908 4885 5659 6442 30 9640 1977 3577 7933 303 8272 5694 3833 8892 1353 581 1354 9056 7144 497 5844 2868 6354 7001 5284 6220 7712 3486 1068 6251 3529 3442 209 
4328 793 8855 2789 7139 651 714 3060 6271 1990 1974 8410 7514 8420 9833 8181 1248 9670 8324 2763 3407 423 6004 5030 2385 2839 1320 2396 2434 4073 6485 9309 7490 3676 7974 7334 3191 231 8663 4410 3855 3962 4307 5148 3875 3478 2679 9082 6740 3297 3389 7768 6448 5914 3608 4146 3029 6724 6102 2293 4696 9116 8683 8879 7088 416 5599 9061 2844 2715 9723 9546 9408 2140 548 675 9989 6868 6917 8144 7258 44 9995 2315 2008 4557 7393 9173 9069 730 4338 9486 2361 8477 3672 1048 7783 2800 1059 1037 
7490 423 8855 8663 3029 2434 1307 730 793 2334 2715 7141 3297 9486 6271 9989 1473 2361 5914 4328 3955 3636 4410 5657 4001 343 2748 6724 8181 1248 3478 4503 7714 2695 3407 9546 7063 2733 9962 4557 1942 9083 6740 958 2385 7139 9153 7334 3855 3644 1037 4685 1941 8177 5362 3618 6448 8041 3986 7214 6168 4549 6377 416 5595 7757 9106 1411 9958 4073 3608 2789 9088 7197 3060 916 7570 5751 2493 9702 5862 6339 5599 5446 2556 2844 9069 231 7496 9495 9647 9890 2321 9833 1187 2396 105 5729 5710 1512 
856 5130 8750 9890 7043 682 7757 5336 7783 2733 8791 7981 8294 982 3134 4314 3548 8150 8181 1516 5223 2748 3750 4146 6229 2853 4388 6308 5044 3241 1990 44 3318 5362 5751 3348 885 3772 4613 5657 3688 8803 4299 7741 8879 9061 6448 676 1242 9946 7590 4974 9574 3996 2271 296 3672 66 9486 4883 8734 5729 5498 6778 2705 2008 161 651 2556 3531 1374 6307 2533 6214 4307 3687 168 3723 4788 4015 1311 5342 2715 9309 4549 6383 6585 4287 416 7514 2434 3426 4281 7754 231 4557 2315 5148 7286 960 
7893 8664 2917 7846 410 183 2627 4013 5677 526 21 5899 1582 3234 1874 7220 8809 4855 1991 8112 4079 6264 4297 6687 2774 5672 6034 4820 505 6705 7036 4132 173 6964 3143 8784 306 3575 937 7166 4076 704 8746 5164 1717 3059 3271 1147 7905 1563 2961 2234 1647 9232 6030 2552 9837 6247 2355 8997 3102 9598 9404 7440 1534 7377 2521 4401 8438 4080 5619 6291 7045 4567 6515 5332 5995 4566 5523 8188 5576 501 857 2091 3024 1303 9259 8913 7672 9480 5690 1788 4260 1366 5361 9554 3009 7420 3632 7702 
8678 1588 700 2689 8619 877 4562 9813 822 6957 7734 5691 6118 3518 2335 5208 8711 9039 2517 6953 5901 5975 3934 4619 4368 3476 753 9933 5001 582 6353 6620 6624 4346 5467 2873 452 2139 3039 4169 9916 6141 2395 3337 9013 202 7944 5450 5224 3808 8815 9565 1325 844 9893 9329 7225 5480 5410 5775 5665 3082 8470 2267 777 9680 5632 7003 4550 9166 879 653 6787 1327 1265 4628 2430 3989 8189 9768 9920 611 3747 4492 9098 7934 367 3771 8977 5500 5254 4343 6932 4123 1775 6499 3199 3563 3327 8573 
7535 6832 4610 7064 386 3162 8093 1950 7202 4860 4934 9511 3235 5673 9884 9427 4266 344 1533 2658 2520 4789 9194 8090 4142 3702 1984 9189 1124 264 6948 468 2972 6187 5003 4467 8922 9943 7421 5549 799 1699 8206 4594 6096 5587 3753 2686 1714 597 7681 7644 8289 7338 6143 1088 3122 3093 6169 5993 4708 5375 2765 6178 1803 5649 5493 8045 5186 6453 6363 8388 627 1285 6381 8641 7493 3183 2295 7080 662 4498 9075 8171 5188 4232 5471 2702 9472 9799 7728 6218 8582 3086 8682 2882 8418 2316 9894 2732 
3636 994 313 9486 2021 1754 7197 9833 1469 5446 2695 6599 2396 9702 3687 3618 958 2036 7768 1187 4503 7570 5657 9940 1017 1941 8855 3622 9088 4353 2705 7334 9319 7856 2569 7031 5862 8073 4549 423 6778 3955 714 6740 1222 3644 3297 2748 6531 4557 2853 2715 6724 9958 168 416 3407 793 3855 6868 3676 8150 8233 343 3060 8353 5914 3393 1942 5223 3728 6726 9153 7063 7995 3283 1530 7393 8446 9989 9083 1363 2434 6448 2556 1473 2307 651 1410 8181 6168 5530 2844 6271 4307 105 2104 2385 5599 2533 
682 8181 9647 9574 4974 1242 6448 5498 856 4895 5148 7981 9153 6229 7514 6778 6367 6308 2650 5223 9958 2014 7043 4307 3134 2315 8964 8791 3015 2593 7741 4557 6726 2679 4788 1974 958 6214 5729 4966 231 5336 2705 6200 9486 1516 3721 8477 2307 7974 6740 1978 3283 1649 7286 3772 7380 9946 5446 8879 1863 4314 451 6633 8041 8744 3531 8144 3979 5657 4015 2834 9890 4287 2733 44 3548 7744 8803 676 8863 1530 105 8490 7757 4240 3060 3962 5044 675 8547 5076 885 5710 5130 4461 6485 7688 6889 6012 
3672 44 5362 9486 7981 2978 231 3478 6952 2715 9574 5076 2748 4073 779 296 6724 6868 5342 6740 4001 8422 4966 9989 5657 8294 4146 712 8547 6448 3567 5652 8181 5729 7783 4307 8832 8964 3962 4557 4549 3460 7741 6917 9890 2763 8041 1026 9083 4685 1562 6367 3304 7043 3318 2789 7615 3608 105 6004 764 9027 7214 4314 9153 2307 1974 2556 161 7744 3644 5223 1048 676 2853 2733 9071 3855 8879 5751 2650 4328 563 9647 7031 4974 1473 9408 4353 5595 7714 5663 2008 2780 1059 1863 4621 8774 3548 2321 
7313 1281 3886 803 5534 8391 9143 575 3762 4493 9828 17 6451 1671 2005 256 8782 1916 477 5817 7855 513 6164 820 6846 7212 4712 2187 8089 2058 8419 9849 6610 8743 3245 8107 4961 4148 8403 771 4485 0 0 -1610612736 536870912 -2147483648 -536870912 -1073741824 -1105123352 1726544912 32 7313 5534 3762 6451 8782 7855 6846 8089 6610 4961 4485 536870912 -1105123352 5534 7855 4961 0 373 9421 1271 2399 1336 5911 3088 4852 6783 3645 9300 2838 4446 537 8829 119 6406 7808 5065 6926 2207 2373 9854 5741 7955 -1073741824 1073741824 0 1610612736 -1610612736 0 1610612736 
9485 872 7179 5788 1432 8214 2903 5206 4273 5553 188 3392 5284 8930 4205 7501 9666 408 7289 2734 1401 3002 2459 5320 3768 5071 7366 5457 1694 3378 4824 8602 719 2760 6476 762 4511 5603 9133 9981 3072 5665 7719 581 6663 5520 8720 1091 2678 7410 286 3747 503 5233 1638 4053 8804 3166 1229 413 2868 8678 876 1948 8297 3091 2944 5064 5694 1701 5248 1763 7712 6116 8712 2327 8244 158 248 9453 2367 9491 3677 5814 2776 3202 6141 8892 742 6270 8138 1339 345 256 3951 4892 8812 1770 6734 4223 
323 4909 7375 7097 230 2369 9615 3717 1490 9938 5019 6763 8229 4047 6219 256 8782 1916 477 5817 7855 513 6164 820 6846 7212 4712 2187 8089 2058 8419 9849 6610 8743 3245 8107 4961 4148 8403 771 4485 0 0 -1610612736 536870912 -2147483648 -536870912 -1073741824 -1105123352 1726544912 32 323 230 1490 8229 8782 7855 6846 8089 6610 4961 4485 536870912 -1105123352 230 7855 4961 0 373 9421 1271 2399 1336 5911 3088 4852 6783 3645 9300 2838 4446 537 8829 119 6406 7808 5065 6926 2207 2373 9854 5741 7955 -1073741824 1073741824 0 1610612736 -1610612736 0 1610612736 
2748 9486 6825 5657 5652 1017 2021 8150 7856 8831 1410 6168 9702 5862 3618 994 423 5699 8734 7141 105 8353 2839 856 2695 3622 5223 960 958 3531 9940 7513 195 4557 1942 764 7334 2036 9890 2800 2715 9495 6004 4549 5446 4353 2952 9069 7197 5914 3639 6289 7456 6585 1469 8750 2307 8181 6377 6599 3015 2705 1754 5336 9833 7570 5460 8073 3297 1473 5030 4330 9088 313 2556 7043 3728 5599 1048 3687 4685 3723 3460 8547 8233 6508 2853 1222 66 7847 6531 6308 2569 9319 3567 3549 9958 6778 6952 5710 
416 9670 1187 793 343 2396 651 4503 6448 4299 5914 2434 2385 8855 8181 6200 8420 313 7393 3986 4978 9644 1754 1320 4307 2533 598 6339 714 5657 7570 5223 1990 6102 4620 8150 3241 2748 7490 1363 9106 5327 9486 994 9071 7757 2493 6917 2974 2733 2307 423 7590 231 9061 1026 675 3687 3060 2715 5779 9173 105 4613 6214 2271 9116 7768 2672 6383 3283 4883 1530 3996 8879 8774 3393 7995 9723 4314 9958 4408 6889 2650 7088 4788 3618 1411 982 8750 7744 9069 2853 5533 3389 8803 5751 4328 730 8663 
8659 1314 4253 9849 5720 9244 7538 6604 5002 317 1552 2193 3308 7004 3509 812 4803 3664 3782 9738 9911 2394 818 9656 8220 5468 1389 1916 7302 1522 2661 5704 299 8671 7142 5122 158 7626 1335 3077 7793 963 8886 7917 7638 8066 2773 4138 5154 1220 8327 8194 8286 6345 8407 5880 513 6927 3879 7855 7909 5107 1679 558 9900 649 5784 1130 475 9991 6464 2187 5097 3144 4712 9310 275 8148 1730 7212 4188 4397 2959 9022 1882 74 4953 5377 408 5893 5489 3612 3973 6989 721 3242 9491 8071 3678 1840 
3668 4696 682 451 9647 7688 6778 3531 2748 958 2569 9027 7043 3721 5498 2705 8181 9486 6585 9153 168 6448 44 8803 1242 3639 6012 8964 105 5729 8547 8734 4895 3348 3015 3979 2941 865 3134 7995 7981 6229 5362 9890 161 8791 7612 4557 817 7741 5657 9946 5223 563 195 3622 8863 8422 5446 2533 7590 7856 6889 5336 2650 9574 9082 8150 6320 2952 423 8477 8446 8353 2434 2679 3638 1863 2556 4287 9958 856 9995 2733 5460 6633 6740 3723 7141 8844 2853 8744 2014 3283 9271 3672 680 1516 8750 9629 
8354 7292 6601 8263 8256 8113 8415 9591 23 2884 2179 1028 7857 1166 9927 7121 2184 9719 4413 1928 7270 8800 5234 298 7589 4119 8466 3633 2717 5630 1096 288 7324 3790 7684 7253 3911 5237 4893 9382 2194 193 6040 8608 3253 8745 684 8023 2535 6920 1446 1433 738 7288 7478 8255 3400 92 5907 8884 6420 1519 7223 6401 6501 7162 5246 5631 3130 4563 1951 593 7659 1642 547 7643 2065 8632 782 5337 1818 3332 6430 6550 4130 301 8911 7321 5538 1286 3053 2895 8043 6027 5709 2516 807 3280 4186 4724 
1048 161 5223 764 296 2307 105 4557 423 9486 4073 9082 1473 2748 7139 3318 5729 6289 5914 4307 6740 44 9408 3962 7741 6448 7031 8410 8181 8879 2715 7514 8951 2434 958 2556 1021 4353 5446 3531 7141 714 3672 3622 5657 2839 231 3728 6917 6307 4696 1990 801 9833 9153 9647 6004 6308 3478 6778 2978 8144 2569 1311 1649 8774 9989 2014 7460 7443 7279 3460 8041 3348 7570 1059 7757 651 4883 9069 9958 5599 5460 8734 8150 5710 4146 5533 916 9083 5030 7783 7456 451 4503 7043 2705 8420 3466 1974 
8863 9153 6753 1863 5223 4330 8181 8490 5498 9647 4307 6367 7093 6214 6778 6448 8144 960 563 9958 3962 5533 2941 451 4621 4338 4557 5729 8041 2014 6726 675 5446 2480 2569 2800 6200 231 1649 7043 7286 4895 2650 3668 9833 5710 8123 3979 5148 8879 8547 8951 4287 2556 7514 2834 4877 7456 1473 4788 3015 8477 8964 7995 3721 8774 105 958 3389 2679 9574 1974 3283 682 8831 4503 6308 6740 714 1990 9082 9486 3638 4015 801 7741 8744 423 4240 6633 2104 4974 8832 5213 7141 9408 44 5884 1048 5652 
6581 2768 5591 6797 7255 7026 2749 9304 278 8820 4876 5261 3200 2442 3176 5961 2660 6296 1318 8676 6497 7820 3025 6735 7636 9928 5681 902 6489 4703 636 7668 7178 1610612736 1722184704 1073741824 -1073741824 -2147483648 -536870912 536870912 1073741824 536870912 536870912 -1610612736 536870912 -1610612736 -1610612736 -1610612736 -1610612736 -2147483648 -536870912 1610612736 1610612736 -1610612736 1073741824 -1610612736 -1073741824 -1073741824 1610612736 -2147483648 0 -1073741824 536870912 1610612736 0 0 -2147483648 -1073741824 1073741824 1610612736 -2147483648 -1610612736 1073741824 0 536870912 -536870912 1610612736 1610612736 1073741824 -1073741824 -1610612736 0 0 0 -536870912 0 -1073741824 -1073741824 -2147483648 -1073741824 1073741824 1610612736 -536870912 536870912 1610612736 1073741824 -1610612736 0 0 -1073741824 
7805 6375 5505 8015 6690 9303 5474 1757 7933 2064 331 9458 409 262 1101 6659 9611 818 5217 3944 6525 1918 9758 4226 3474 8971 5039 9906 1068 6359 6983 8237 5140 8605 4184 889 2313 7417 6728 8677 8493 1046 7567 4622 6817 5880 6155 4108 2417 4274 269 2488 1484 8814 30 1030 7988 3144 9786 2394 2081 4172 3135 5352 5091 9911 496 2128 5 9539 9715 6923 2661 1646 9551 3810 8036 3879 3839 9491 4591 1912 5887 5694 47 6694 812 844 1300 1331 2760 968 1901 5320 1497 3518 6575 6211 4122 7469 
9143 4493 6451 3886 7313 2005 575 5534 9828 1281 8391 17 803 1671 3762 256 8782 1916 477 5817 7855 513 6164 820 6846 7212 4712 2187 8089 2058 8419 9849 6610 8743 3245 8107 4961 4148 8403 771 4485 0 0 -1610612736 536870912 -2147483648 -536870912 -1073741824 -1105123352 1726544912 32 9143 7313 9828 803 8782 7855 6846 8089 6610 4961 4485 536870912 -1105123352 7313 7855 4961 0 373 9421 1271 2399 1336 5911 3088 4852 6783 3645 9300 2838 4446 537 8829 119 6406 7808 5065 6926 2207 2373 9854 5741 7955 -1073741824 1073741824 0 1610612736 -1610612736 0 1610612736 
402 7752 2652 300 531 5028 7533 6486 3756 4329 5049 3377 899 768 8094 6438 2756 5944 4900 7342 2117 6491 268 7086 4972 6005 6457 8488 1810 1471 5972 8682 5924 5102 7196 1597 5159 6136 6516 6721 1226 5942 604 4847 8182 5544 289 1162 7189 6667 9722 6951 9743 5241 5715 2709 8279 8395 3551 7773 4180 7723 8456 3258 9887 7034 8476 7117 3969 9315 809 7327 5275 2268 8570 6978 9357 8139 3291 2604 1463 2032 3984 3440 4560 2669 5587 6182 6062 6158 4445 8289 534 7631 7811 1939 951 2252 5465 2642 
4380 1844 9257 7437 7962 2303 9489 6967 727 160 0 0 0 -1075335818 1065353216 -1083585616 1065968898 -1086827269 1074579559 1053564046 1054596202 -1086922740 -1081360880 1054977881 1056045564 -1105594117 1046374975 -1105754919 1036422386 1065423386 -1090309691 -1095955659 1017886132 1059793028 -1090404401 -1091115146 1049305681 1035355763 1055732855 1035554454 1086324736 1073267974 -1131901636 1043597756 1059874017 1058053893 -1099124646 -1098233383 1065522874 1057362784 -1093398984 1033080463 -1112108303 1041113953 1025457564 1025059150 -1088891597 -1103670947 -1130421676 1048818986 -1093825386 -1100869258 -1103354196 1046051898 1031996970 1049707410 1065353216 1057271603 1032547525 -1111298674 1059537581 1065652709 1062784232 1054094109 -1093992539 -1083240078 -1087193187 1049147319 1066313944 -1088464880 1056163101 1042900856 -1107330415 1059237322 -1107851462 -1106801976 1044818265 -1128774439 -1097855070 1053158501 -1109255365 1048708092 0 1072266802 1061885757 -1097979653 -1096061244 -1084506381 -1102634096 1035824730 
1311 6307 2748 6592 4287 4146 5657 3478 5030 6448 7443 2556 4557 1021 7757 1512 598 9647 5223 205 3348 651 9061 6531 9629 6726 2271 7141 4281 9486 7570 4883 9106 2800 2402 1411 9088 5729 8951 7496 916 6320 9153 5967 5699 6200 423 8879 1473 6377 2978 5914 1187 1942 7460 7334 6308 7031 8041 9890 5751 4549 9670 9116 3318 994 9083 730 9702 8750 8547 9173 5710 5192 6262 8181 1990 4732 1410 3283 675 4895 2533 958 5862 2493 2695 8863 7768 8762 9408 5498 8233 2747 3962 6289 4338 231 9206 2853 
2058 9537 6861 2002 7910 5469 2724 9487 3378 3842 7505 5218 8626 0 9654 8069 248 2621 8486 6525 396 5666 820 1931 868 8252 7406 8280 3429 5288 4824 9829 8782 8605 6985 7538 4448 5225 4739 4953 2562 1901 6998 3245 7004 5457 2378 5485 3664 1701 2048 9052 6498 2931 8403 4021 2051 4952 9718 2164 6164 9738 1814 8111 3590 7529 1052 8343 8369 4803 4117 5982 408 5302 7183 4644 6846 482 5304 590 5994 3917 2523 9398 4237 3529 4999 6927 8743 6873 4085 5150 9025 3536 3052 9627 1655 9769 2753 9146 
5156 4269 1312 5293 1816 3387 2234 5843 1788 7036 2431 3966 6836 2943 8529 1025 1356 1563 2566 5111 5332 4323 5483 2211 3452 7690 2389 1718 9785 3143 886 2854 7693 8925 7045 9942 5289 5809 494 6477 97 4076 8439 1366 8188 112 3770 6244 6484 6705 8537 4502 8326 7851 7356 1993 8270 4790 2287 4264 6481 2354 6119 4013 1486 5920 8375 7905 8402 2620 9929 546 1874 48 4079 2443 9128 1930 8809 5060 7250 84 3530 2521 7345 9452 8731 2153 2209 4030 4260 5731 2611 9359 9390 7362 6658 9598 8152 526 
5914 2748 2715 2763 7490 793 9989 1037 8855 6952 9670 5657 7031 3955 1363 3407 3478 2434 4410 3855 9061 3618 6271 9486 1941 9088 3728 4307 3644 2844 2385 730 3029 9173 651 9833 4328 7334 9071 5362 1026 598 8410 9557 7393 6724 6200 8801 5729 8177 423 2978 2733 3060 9940 7783 9083 3622 9723 3297 714 7549 3460 7258 3393 2396 3875 9116 9495 2271 6917 2334 3672 4883 4353 4503 2650 9069 7615 8663 343 6214 9153 1248 994 817 8181 1187 8683 6102 7995 4001 66 2307 2361 8774 1473 7139 6740 231 
8093 8418 4708 245 6143 1533 8045 9521 6196 6187 5549 1285 7728 9799 580 7421 1803 5993 2316 9894 1088 2101 3525 9498 3291 1984 9427 6169 5136 4232 5465 8206 264 6096 8182 9194 5511 4789 70 4440 6363 1572 3122 5375 8057 3162 8576 4934 3380 4404 2658 9478 1700 2642 9189 4329 172 4106 5493 3235 6218 3816 4860 9932 7400 5181 1575 9760 5979 4467 5673 9472 8682 6951 7080 4142 5188 669 4266 7493 4305 5471 9728 799 7651 8778 2972 6760 8090 2003 8289 4690 7535 8641 6948 969 7198 7050 4183 7064 
9835 807 565 8043 5999 5538 7582 4135 3256 2895 8632 5964 6501 5765 2407 7324 1818 1642 214 4635 3475 23 6920 3332 2837 7321 5234 7151 5237 7121 6040 7857 8256 7999 8768 955 9406 1682 8899 6420 9115 3557 918 5907 6601 7643 7700 3655 1166 6465 5739 3828 8415 6334 9382 7589 514 6550 3117 6918 2717 414 6430 7684 9847 92 3253 7253 3507 4022 6401 1024 8883 6085 3698 1951 1100 9586 4724 6341 6751 384 632 1433 5388 4487 8511 3911 9591 7270 8800 1446 3400 2500 4430 4186 8255 1028 7187 4413 
6042 5153 2266 4394 7584 4156 1127 176 2336 6057 2795 7035 4430 3097 8046 4441 5631 3395 6898 9440 7007 4750 8164 6358 5234 4637 2576 4119 3757 914 4386 8448 7556 5910 8883 4135 3796 1217 943 593 459 6465 8481 1433 419 7249 6657 6285 2884 2848 4366 1108 7589 7479 6791 7879 6374 6398 2737 5717 3130 9980 9115 337 1100 1519 9344 3655 9852 3280 1024 6420 2065 8350 4980 1107 3557 4765 4635 547 8511 3561 7288 6959 6430 7999 4815 1818 4893 6981 5709 7223 8745 2949 4780 7662 7547 3475 1807 5305 
4022 4366 4430 7288 2576 4750 3280 5234 3698 6398 3475 5631 1864 1433 5237 1818 7879 7556 2065 9393 7589 5620 1024 547 92 3253 7479 1519 5388 9719 8046 4563 1682 2737 1107 419 9115 3256 3655 3796 4135 2967 6394 4765 459 529 8448 2145 4486 1108 7659 9980 3317 288 2500 6430 7108 9883 5337 5907 6057 949 6898 565 7582 301 3400 3395 8768 7223 7270 4413 8164 5717 4119 3130 9054 6358 176 1436 6142 7321 5246 9842 1217 914 3097 8255 7700 2975 4780 5910 8632 8058 4861 3790 1286 6436 9835 4893 
5223 1649 7757 4974 5148 7286 1926 8181 2046 9562 3772 6448 7514 856 6308 4015 8879 5130 885 675 5779 4299 4314 1990 8951 296 982 4549 4632 5751 1242 1974 801 4613 7163 682 9958 5336 416 4557 3426 2733 7744 2307 3996 4307 8420 9644 1374 4788 9486 6917 7856 231 9574 8750 1411 8791 8150 5729 7974 2593 2679 2008 5327 4287 3241 2974 3962 7754 1516 6901 9061 4388 1142 8500 5710 1187 313 6214 1026 9309 2014 6200 8636 3478 8041 4408 105 9647 5657 2672 7615 651 3283 4146 6229 8294 9890 7741 
6758 977 3916 9405 8325 1996 4607 81 579 6564 4676 7581 7465 1940 6175 3331 3716 4822 3835 7268 9133 8597 8947 2387 8798 7939 1979 9441 392 8880 2116 3629 6921 8502 8469 2391 4267 5696 7892 5040 6357 7106 8009 1748 966 1172 9210 8465 8404 9460 8236 6440 9669 7265 1927 5905 2466 3471 8281 424 4200 6696 1188 8790 9800 787 7056 3391 7305 465 9986 2934 8702 9042 625 8649 9200 541 8898 2047 2573 2739 2453 2897 4489 4488 2472 1619 6892 2449 2664 2031 7176 661 217 5355 4244 7248 2241 6977 
3437 131 2613 694 2133 1054 7916 4670 2143 2515 4824 9182 9750 8226 247 5527 7932 5601 7509 6887 5415 6552 6467 91 7516 615 8230 3361 4237 3465 7571 7814 2147 6583 6786 8580 4514 8874 3923 8407 6755 8856 5719 6498 1859 5635 9857 1957 5828 6020 3238 2327 2410 7927 9869 9000 6747 2923 1931 9491 9078 2798 3429 3746 5384 6833 9435 2879 4230 2734 9918 1617 7931 6265 4114 9293 2653 9802 7888 1047 746 6618 3853 9022 333 2105 8079 9438 158 8238 8280 396 8069 4007 9981 7297 9656 110 3805 5212 
9670 7768 9173 651 7393 9116 7088 2533 793 2385 2396 1320 416 598 313 2402 4503 1754 3855 1187 6102 4788 3283 9276 9061 343 168 8803 3986 3687 1363 9557 7549 817 7570 5657 6448 2844 7031 3060 8181 4410 3964 6889 2140 8420 994 5530 6200 8855 1990 5914 675 6531 9271 8446 9106 1530 9723 7590 7995 8791 3297 6383 5130 2493 6339 66 730 7490 958 865 5223 4307 714 5030 2733 5533 3393 9486 4978 9989 9088 4328 2434 2307 9069 2763 3622 680 3875 9071 2853 7757 6778 8477 3348 2705 2036 9946 
1304 1300 4991 3064 7099 8705 1482 3643 3722 9025 7072 9056 1501 8753 8548 6833 7277 30 6164 262 3864 9398 9151 1508 6861 2313 5478 4512 4137 227 1440 4184 1515 8143 1353 8605 549 3378 2141 8983 507 3171 4227 1257 6525 5150 9099 1334 6610 6923 7165 1052 7916 1882 1384 5785 6043 1871 1081 9318 1484 3295 4117 1922 6478 1917 9465 47 9303 4693 2279 6105 7888 248 2904 905 6789 4021 4005 8952 3514 5302 6359 9293 9218 8389 4615 8426 9187 5517 7960 250 5714 3429 6846 5217 7004 8814 4085 5485 
1222 6778 195 3531 2569 2952 2556 3622 1473 7856 3639 9702 2748 1017 7612 2705 2800 994 7197 7847 958 6825 1164 7456 680 5223 9082 5657 5599 6262 9486 4557 3979 105 8233 8734 6531 2853 8547 423 5030 9958 6592 7141 6585 5446 7995 8762 8951 168 9833 8831 6448 2747 9940 9629 5530 3283 2695 3772 960 9061 7443 8863 1649 5498 3636 3688 6726 7031 8879 6168 5539 9890 3191 8750 7496 2021 8410 7783 916 598 5699 7460 7043 9995 6403 8855 7334 8064 9106 4338 6945 3318 5967 7513 6200 9088 4503 5862 
7728 8289 3291 6457 8682 5544 9357 1700 8206 9659 5188 245 698 6710 2771 6951 4683 5049 1803 3380 8045 353 6438 768 7400 5375 2686 1589 5159 8476 1226 6978 1393 300 1533 402 473 7533 8182 669 8093 2397 9483 7811 5465 8279 1597 9887 2274 8570 3247 268 9226 8460 2927 534 604 8273 2756 7689 7189 3341 7503 6005 6760 5587 3213 2642 3282 264 3756 1285 6050 7651 2709 3223 9028 2652 7723 9498 9189 9194 8171 4847 430 2117 4445 7752 6199 4232 2032 8057 1984 809 1939 2025 4552 5028 6516 3981 
4700 9519 560 7832 9624 3156 5879 4230 9303 5152 1236 5384 4508 3826 3197 7927 262 6389 16 1607 2471 4781 4405 6744 9959 4983 2753 2726 1945 9325 6274 8671 3012 7230 1652 4964 2879 4769 9199 6382 7323 9477 5118 74 5408 8594 5948 5787 6101 1046 8709 2588 9802 5431 266 5039 7788 477 5196 9853 9935 9735 889 333 8305 8290 9911 4921 9577 7603 9438 277 5527 8687 3436 7333 9906 5848 6747 3853 8165 5415 4021 2468 6765 1475 9570 4086 1412 2565 1301 5490 9195 2821 7916 1548 1424 5302 7838 4608 
1384 9282 6608 4509 5792 1524 5281 7165 9691 2249 6843 9048 2887 8602 4873 706 9100 1432 7620 5990 8296 406 788 9369 2724 1440 8382 7706 1149 2327 5863 1694 2781 6741 2093 3294 6822 9433 5077 5193 4157 404 3346 2843 281 6190 1401 2539 855 4258 8265 3502 6212 204 8689 786 243 1181 8574 188 155 6858 347 6426 3287 3439 1980 3311 111 9896 6907 7929 1685 5671 3603 2734 6743 1321 6884 6904 2713 4829 5814 2810 6677 1768 1229 3113 8597 7105 9039 2150 4223 159 7183 9057 9122 9638 6286 7442 
6677 9563 286 4608 2724 7105 5501 1105 9914 9490 5866 5233 706 4205 2002 2148 7248 9182 8558 5281 2852 2509 8812 158 5787 9981 4478 1701 1432 9520 9052 3392 923 5605 8158 2760 7144 9737 8346 9867 7179 7207 5858 5645 2529 8433 9920 2621 1596 302 6354 8878 3458 7448 8020 7819 1945 1957 408 210 9120 2327 6627 737 8712 2253 2963 5052 3768 3577 8816 6155 1205 5408 8674 8226 9624 4544 8574 9588 2294 4964 248 2970 6082 42 4272 9057 8783 1489 6043 9666 3119 4021 9888 3510 2048 333 6728 4824 
271 7418 7325 4655 9303 5817 170 5351 3919 3973 4761 8006 1090 2193 3595 570 8098 5948 1593 507 4358 1911 5755 9624 8598 2993 5266 5784 7330 3961 2301 710 9656 2878 5259 1087 7787 4371 9380 6630 5869 7348 9117 3077 4570 3826 7687 1917 7497 4700 3163 6345 8237 818 3944 5097 889 7775 5825 1389 5986 2619 1552 3305 2565 331 2779 4953 8208 6525 7142 9699 5489 5474 8238 6131 5880 1495 4384 8249 4148 3849 6817 317 1046 7230 7841 5039 1236 2313 3014 1403 2453 1052 8782 210 4712 2898 4326 8419 
1990 1363 168 3688 1410 5192 5030 4883 1374 3134 8791 9495 5699 714 6383 8324 8803 7757 2104 7514 9486 8181 6377 4146 8734 675 7031 66 6448 2853 651 7754 5223 3875 598 7590 6889 5130 2271 6307 3548 2402 5657 1608 1059 6942 8294 7570 2748 5914 3393 9088 9153 2556 994 1974 5729 9319 4307 4015 1311 9946 8477 3348 1411 3962 2844 3389 2789 231 4620 3618 2533 9723 1530 4287 2679 8879 8683 3478 2434 6868 8490 3855 4788 3060 3964 7783 4461 2978 7063 3241 2715 296 7443 9271 2293 2839 5148 6825 
3531 2748 9486 5657 6200 958 5530 5729 6585 8734 3478 8879 7783 9647 7995 6320 5223 5498 2705 8181 2952 6825 4557 3348 1242 9890 4883 2293 3283 3622 3639 6308 1990 195 7741 3318 8863 7443 1311 682 1164 8547 6448 2556 5652 9833 7514 6778 4549 2008 4696 105 4307 3721 7456 6229 6740 4146 2650 4015 9061 4287 7043 6214 1926 9153 3962 5699 313 7139 1187 7757 7974 563 4895 8420 8041 6633 2014 4240 994 4338 9574 8477 3618 443 3426 6367 5362 7688 6485 5148 9276 680 2140 712 7031 9027 231 6289 
3672 4073 8774 5460 44 6952 8150 779 1048 5652 3460 6868 5342 2748 8734 9083 764 2978 712 4621 161 7513 8832 8964 6004 7043 5076 3567 7279 8844 676 7783 2715 1059 8422 4408 3638 3015 1863 960 296 9069 3723 9486 3728 231 7510 2853 4307 1562 9408 423 2733 9890 9088 9082 3393 9027 1473 8410 7688 105 6825 8762 5362 7981 7139 3531 2434 2839 3548 9989 8353 4966 982 563 8547 5663 3318 8879 8294 2021 3241 3688 7714 3668 4353 8831 6599 5223 1974 2334 4001 8750 5914 6753 1942 5336 9153 2844 
9940 7757 2556 2695 5862 7197 916 2748 2844 6448 7768 5223 5657 9088 5710 8233 9486 4287 2533 9116 9989 6778 958 651 9061 8181 105 205 9629 7031 1059 3283 598 4557 6726 9647 5533 7496 2705 5729 2307 8951 3979 9670 2493 9958 1411 714 1990 9069 2396 1021 7088 5699 9106 1754 675 8353 3531 168 1311 2385 9153 8041 6307 4503 7510 2780 66 5148 3687 6200 3478 9173 6262 3297 7393 1473 443 2021 2271 2434 7754 7456 4146 3622 6377 1469 1320 1017 7995 730 1941 5030 423 7258 2293 7443 680 8879 
5234 1107 2145 2500 7556 9096 4186 459 7488 419 6657 1217 9852 547 1024 4861 529 9440 4366 2907 6430 875 4750 1433 7879 6142 7108 4765 6401 6398 2737 5337 6374 3196 2576 3692 1519 7249 4563 4430 6358 193 5717 7589 7478 8766 5326 455 7288 8511 514 3655 2967 4348 4980 5709 9084 3395 5305 1581 6057 6042 4119 8800 8046 1096 3321 8883 2065 3053 3330 2311 8448 8481 4059 1818 4022 7479 1864 5907 5388 7007 5620 3408 9258 9406 5237 7700 4780 3256 5915 1286 9461 3911 3280 8776 7270 5630 6791 3130 
1281 9143 3886 8391 7313 575 9828 803 4493 3762 5534 6451 2005 17 1671 256 8782 1916 477 5817 7855 513 6164 820 6846 7212 4712 2187 8089 2058 8419 9849 6610 8743 3245 8107 4961 4148 8403 771 4485 0 0 -1610612736 536870912 -2147483648 -536870912 -1073741824 -1105123352 1726544912 32 1281 7313 4493 2005 8782 7855 6846 8089 6610 4961 4485 536870912 -1105123352 7313 7855 4961 0 373 9421 1271 2399 1336 5911 3088 4852 6783 3645 9300 2838 4446 537 8829 119 6406 7808 5065 6926 2207 2373 9854 5741 7955 -1073741824 1073741824 0 1610612736 -1610612736 0 1610612736 
7523 0 1724028112 0 0 0 8782 1916 477 5817 7855 513 6164 820 6846 7212 4712 2187 8089 2058 8419 9849 6610 8743 3245 8107 4961 4148 8403 771 4485 -1093969840 0 -536870912 -1073741824 -1610612736 1073741824 1610612736 -2147483648 536870912 0 0 536870912 0 -2147483648 -536870912 1610612736 536870912 1610612736 -1073741824 -1073741824 -1610612736 -1073741824 0 536870912 -1610612736 400 1728398928 0 0 0 0 0 0 4138 2455 6630 2193 5377 8006 5980 4358 4717 8071 9900 2939 8756 6939 7142 6929 3014 7968 6795 9248 9991 7303 5801 475 5559 -1093969840 168 8803 1374 9946 9116 7549 2705 2104 7590 714 
20 8018 4852 3686 7065 2373 8042 7307 5098 2788 6347 9300 5969 4432 5357 5167 2812 7038 7071 3811 3445 3954 119 9469 9892 6926 8264 2497 3001 1000 5700 3625 1468 1450 5875 1073 7899 9747 3088 4830 8829 2399 537 6128 1962 9949 8176 145 1543 7239 2654 5245 1336 674 9993 8958 6406 3375 4859 5741 1544 8696 80 7646 7808 1274 3645 4357 6783 1364 4940 713 9378 1860 4866 4116 1550 4400 5758 7725 9525 4228 4528 2207 9386 3562 4095 6236 2838 9421 7984 22 6796 4104 8707 1271 6946 4748 8287 1798 
7741 1242 682 2014 5130 5148 7981 2705 856 8750 8181 5223 8791 3283 6200 7514 8420 6778 8150 2307 4788 982 313 2853 9647 6448 6308 8803 4015 1649 5336 7974 3687 5498 9276 958 6214 7286 5342 9574 1926 4503 8964 3750 1516 4974 4613 4883 6229 5729 9486 8879 7757 7570 5657 3531 4314 2733 3426 5044 4307 3996 2748 7744 2434 5699 7783 9153 1530 5446 9890 3962 2036 4557 231 1990 3015 6367 5362 817 6585 680 5779 8233 9958 3134 1374 9946 4549 8832 3348 1311 1026 9071 675 296 7995 2556 2046 6917 
4520 2736 6665 2378 2816 9177 8764 3209 281 2631 6160 5278 9114 523 9627 5398 6703 3435 8111 8154 2147 4957 1673 6983 1655 1866 2636 7988 5638 0 9862 1885 5529 5976 1901 6220 4231 1858 5091 2714 3325 4514 9873 7706 8226 7933 3869 8223 2523 1268 2963 9674 8563 3746 3310 6498 8761 8069 7323 8733 9064 7433 1617 853 8074 8110 2333 1047 4009 620 478 7009 3311 1626 3145 2621 4336 9345 3908 3080 5883 5973 7347 5785 9524 6652 9187 266 3601 4793 3245 2527 6467 9491 269 5635 1497 7910 7289 9293 
6508 195 4685 8353 3549 2839 9305 5599 3191 5595 8073 9082 8410 5657 5652 3567 3608 8734 423 7783 2361 9995 105 1307 3639 9083 3618 2569 3531 3688 7688 2748 8831 4001 1222 9833 7141 1410 4146 1942 6585 3723 2952 9486 1048 6724 3466 2556 5446 6289 3134 9319 6825 1941 8064 3750 714 5460 1164 5223 3318 8855 6004 7214 1754 3297 3060 5030 2789 7334 1990 3460 9153 9989 7197 8181 3478 8844 2334 8150 2800 7514 7456 7139 9069 3622 7847 3638 257 6448 7443 343 5914 6952 2695 6367 8446 44 4557 6740 
2569 960 7612 1048 8774 7279 9958 4330 1863 801 105 3772 1222 4877 5223 161 6778 3979 2307 7286 6403 4307 2941 8831 5130 3622 423 6753 9408 5460 8879 7847 7456 3728 3460 7043 2834 3672 1649 9082 682 9890 958 4353 7688 1017 9702 6168 2434 6262 3639 2556 4287 2748 8490 8181 7741 8832 7856 8951 9486 6448 44 4557 1473 8762 5710 994 4338 2014 7615 231 5729 8233 9083 3241 195 7460 5967 6868 8964 680 8791 2705 8863 8446 7197 563 5336 8150 675 714 3721 5533 5884 8750 2853 3297 8410 2715 
3964 730 4410 8177 7490 2402 9271 7549 7570 8446 66 1037 9546 4503 8855 3029 9962 9276 4788 3955 6557 7334 2434 817 8477 7063 343 3855 168 7258 3297 9173 7995 6271 5914 8663 7088 5530 3407 7393 9946 865 2533 651 4696 2334 2844 9116 9557 2715 8803 5044 3721 793 6724 958 5729 9088 9153 1307 6229 6531 1248 7768 994 9890 3393 1530 423 6200 9670 1941 1473 6889 2733 313 2385 3060 6004 3622 598 9702 9061 1410 8791 1374 2763 7590 563 7141 8181 4307 2695 3283 5862 3348 3687 5657 2839 6383 
5707 2367 7816 750 7531 1201 361 8369 4171 3747 9556 9162 6105 43 3631 7971 9758 5029 8479 5355 6070 6452 2496 2366 877 8110 9931 7217 3319 4757 4645 2689 4739 4658 8214 5851 5982 3677 1331 5208 2505 2682 9527 6045 1432 3989 8765 879 5996 5901 5320 27 4628 5191 3842 4327 4331 4520 6359 4178 700 9453 3980 5521 3310 1502 8015 8252 3095 6789 6624 8430 2664 2523 7366 3135 6583 7529 4550 339 3797 2825 2377 5638 1847 8097 7289 4807 1241 6534 4644 7262 3643 8251 2064 5368 3435 1386 5150 9784 
3622 9958 2014 4307 9486 5223 6448 2748 105 680 6778 3979 8181 3531 1469 3639 8233 8547 6585 958 3283 8951 9153 231 7456 6200 1649 4338 6740 5657 9647 5498 994 1473 5533 5884 9408 2307 2705 7744 443 4557 5710 8863 5729 2396 8879 8490 6308 2533 8041 3466 8150 2008 7995 5446 1048 714 1530 1017 2434 7757 1754 168 2715 3721 4330 8831 2952 7031 3478 5148 6214 4788 9629 3618 1990 9833 9069 4015 9546 4353 3389 675 7570 7741 7856 2800 8420 7612 6168 2556 7847 9989 6889 161 4895 7043 2104 5530 
9943 9242 8090 2520 7644 1950 7202 344 9414 6453 7493 386 3162 3093 4232 1939 557 7535 468 4610 597 6948 5109 1714 8001 9472 5236 8922 4810 4142 5003 662 201 6178 4010 3702 417 7198 8273 9511 2316 3887 4498 5471 591 7959 3524 9415 4860 1699 5979 4872 4934 6381 3034 5186 1984 7048 3753 3373 6908 2304 8960 4865 9357 9760 6438 5094 5649 6832 4580 7338 1226 3774 2906 2003 5673 2909 7681 160 7189 4467 3527 8738 9593 2601 1781 9389 3836 7585 4594 6811 5404 4704 809 7080 6340 6275 7936 1711 
5701 5887 9596 4998 1652 7775 889 2670 1086 8737 3084 5251 1155 2488 7333 1630 6525 7592 1182 2514 9380 1201 1495 5026 5707 7816 361 331 7000 3018 8126 2612 3002 1826 5489 6359 1052 3378 1911 7971 4021 892 5370 7567 2367 9935 7230 8719 5869 2689 4184 9303 5986 3295 9768 3806 879 3518 4108 4824 4783 9252 9162 9524 3510 5501 5525 600 3197 1903 1692 7766 6957 2842 2760 7529 3808 6789 6583 6155 750 3989 6300 6534 3903 4700 6932 5474 8237 4608 9505 4343 2798 877 4169 9813 1588 2904 1757 6081 
1682 1624 4786 214 7556 3561 9586 6341 176 878 5234 3698 5059 6398 1108 5907 8883 92 6465 9381 9209 6959 6918 1237 4635 9091 6057 3757 2737 4487 1096 5326 6032 4637 4980 5717 237 593 6657 1107 2311 9115 4441 4022 875 3828 643 7999 384 3395 2969 9084 4563 6040 3117 7547 7479 9467 3633 8632 455 5423 529 1433 6881 414 8627 9835 565 8766 8164 7253 301 8511 6420 7108 8481 824 2795 6981 8959 5596 9406 1024 9704 1166 2895 1014 5620 8424 8339 8776 3655 807 1127 3067 4366 9951 8728 8043 
5326 8448 5234 875 547 8959 4980 529 4296 8627 2848 3280 384 419 2500 5596 2403 9951 593 9876 9084 9344 949 92 2383 7589 9381 414 8058 1519 6341 3757 1024 6394 214 5337 9842 2311 2975 4186 8481 3332 2969 9883 4207 8511 8745 1237 1014 6142 918 8800 7879 9704 459 3400 8255 6061 2184 7253 878 6401 3067 643 1818 1107 7108 6751 6738 7999 6420 7288 4765 5631 1446 9285 5237 2837 2737 6750 3330 5709 8768 3395 3130 2479 7151 7547 9091 5423 7479 2907 8911 8776 8884 3655 6881 9382 2769 301 
8325 1927 3331 1244 2573 9210 3835 2664 3629 4267 5355 579 977 5191 4492 1104 1972 5040 6141 8236 4757 4285 8281 4676 1161 8790 9133 5412 8404 9072 8597 2241 4822 6696 5521 3391 9042 2645 661 7106 7892 9367 2387 6357 26 5696 1172 81 7465 5037 8502 4244 8009 4807 9405 787 7262 6445 5243 7875 541 3471 8465 1996 2472 7265 3916 1785 217 4801 55 2735 928 1979 3818 8798 3830 5905 8292 9669 8044 3083 6758 424 4200 2739 6564 465 3046 5679 8702 2391 8479 2377 98 1494 4283 9800 5851 3199 
6271 423 6740 8855 7490 2434 958 1307 9546 1473 3407 3478 2839 9088 5223 2715 5599 1942 2361 4685 7141 3029 8446 4696 7570 8410 793 4503 6289 343 8181 296 5657 714 1037 8879 7197 1222 4328 3191 4001 5362 4557 7139 3955 5652 994 6448 168 8073 3644 9702 9153 9061 9833 764 5914 5030 8177 8663 6868 4073 3466 105 2748 6724 730 5595 7783 4410 1248 7334 1048 3723 2695 712 7757 231 3549 2556 44 4307 598 1990 9083 2789 3964 6168 9486 7214 5446 2008 8420 2800 7590 6508 5729 7995 3855 916 
4022 176 9258 7556 3698 2737 1108 6032 4786 6398 5620 1682 9586 9209 9115 9091 3395 5059 2206 4563 2145 5910 4366 2795 4487 3561 4441 3757 3828 414 878 4637 7479 6057 459 9440 914 3117 3321 2336 7249 5234 6657 214 1107 2895 3655 2967 8164 9393 9852 8883 9980 9467 9054 3317 8766 8481 4780 3692 4059 4861 1519 5305 5326 7253 7007 2383 6898 565 2266 8043 5153 8424 7879 7584 2576 7288 6420 5237 1433 4156 7488 4186 1818 1127 3475 8728 2065 301 4394 4635 5709 6341 8046 571 3053 6981 9406 5631 
1595 1081 9438 6678 9656 3437 8238 5948 3305 2923 5879 7927 3826 6833 9303 6043 8558 3725 6552 5601 91 7814 9199 4656 3238 694 584 6388 4230 5408 9325 1917 9918 5118 4210 5527 6618 7978 7297 6887 3429 4700 6382 6786 6747 355 8069 6861 248 1046 2821 4114 6389 5367 5415 7916 2048 1054 1640 8343 4601 333 9750 3090 2588 9523 507 4964 2105 3923 5212 448 7832 3722 8856 2722 1859 2878 9398 1 3361 2922 7516 8407 9156 3982 4608 9577 4418 3301 8280 5384 2515 4227 3197 1210 9029 6500 1701 3884 
2783 6410 5685 7146 2680 418 2805 469 6342 8522 7923 5032 8975 3857 5636 9947 7493 3836 5693 9908 1391 7260 4498 2000 3131 6120 9678 449 6243 3924 6109 2752 430 1443 2764 8802 3236 1592 9226 8319 6523 6077 2068 6340 5094 1226 3774 4702 1675 8532 1939 4352 9196 2460 7544 9659 6321 1575 5756 8692 4560 5136 7177 4925 8019 708 279 1892 5979 3183 8001 1735 2909 6414 4522 4994 3649 9635 6908 9945 1240 3058 4704 1803 9992 9478 3589 5486 1723 3162 6169 9080 1396 8090 3695 3935 2558 5471 8245 5003 
9890 7043 4557 7757 5342 7514 5223 8181 3723 5652 1863 5729 8294 1516 856 7974 6308 7714 1974 4549 7197 7847 8879 4146 2271 6214 6724 1311 7141 3134 9946 8750 8422 7496 5751 4621 4287 6599 4974 5336 1990 7981 2434 3979 1512 3060 4225 4307 3393 231 5967 8123 8951 296 8791 2361 5362 7063 7612 4314 9061 416 1187 2853 960 1562 4299 6367 2650 7456 885 3478 9083 2140 8144 7286 7139 682 66 6448 958 7754 1021 3636 7163 5148 2569 7258 1411 3622 4338 2695 7510 8832 9546 3466 4503 817 44 8150 
44 2307 9647 4895 3721 9574 5729 451 8879 2733 6448 1242 9486 6740 7981 8547 8181 856 3548 2533 6012 5076 6229 105 779 5652 9027 296 3015 1516 9083 5336 3672 7043 9890 5657 2593 66 231 6308 5223 4353 2748 7380 8041 9153 7741 7783 958 8422 6585 1863 9958 4974 8353 5342 4557 6952 4966 682 6367 8844 2974 2434 161 2650 3668 7286 6004 3531 3283 5663 5446 8233 1026 1142 5862 8964 8150 3478 6200 1048 5130 5498 6778 5779 764 6289 4328 3979 7063 1974 4307 5044 7031 6917 982 2715 6868 676 
131 4670 8681 2879 1617 6525 3746 4514 7153 4237 4824 2394 560 7571 2327 2378 523 4418 2133 396 6265 6833 6365 5778 2143 3361 3923 7745 7947 3052 8407 1054 3437 9906 5527 5415 2736 9981 8079 1858 2360 8493 9750 3189 9293 6467 9519 8290 3722 4656 3378 8433 8226 7453 9199 6755 9857 2515 6583 9577 6694 8580 5147 1513 1353 5535 7916 7832 9182 3826 8230 1673 3474 6101 5091 9853 8069 355 7509 281 158 3429 2588 6425 6172 4793 9174 522 9303 9345 5384 8709 6744 6498 286 8874 8280 6728 1746 6305 
8150 5076 4314 856 676 4974 6308 4307 8181 982 231 7981 3241 2593 2307 6448 6367 3996 9574 1516 5223 3015 3531 1242 2014 161 7744 5336 7741 6585 4966 5779 9647 1974 885 1649 2733 4015 6778 5148 105 8774 8233 9958 9309 7514 3672 8750 4073 1048 3962 5657 8879 5342 2974 4408 9153 9562 3060 9486 714 682 3134 2046 4004 8964 7783 2650 8144 5460 7974 7802 6214 4835 7380 6200 296 7043 4299 7286 8951 2672 764 7757 779 44 6740 9644 1990 2853 9408 2748 3478 4613 2434 4146 416 7754 4632 8832 
4877 7279 4307 231 8774 8832 4974 982 5223 8879 4073 1974 801 8294 4299 8762 5130 9069 6403 712 3393 5779 4408 3318 3241 9071 1863 8041 2974 2733 8150 105 1990 3728 960 6868 9408 4978 2715 2434 9644 7741 2853 6917 5460 3460 676 8951 1048 9958 5652 4146 9574 9486 8490 4621 2307 4330 2978 4015 161 7286 5729 6448 7783 3134 7214 6168 9083 2569 5148 9309 7744 5362 7514 6901 7757 3478 8801 1026 764 9989 296 9562 8181 9153 2834 1021 3688 6778 5751 3060 2839 8636 8233 7615 7754 2748 4613 5076 
440 1575 6143 9521 9479 899 9498 531 4417 5465 3836 8093 3857 6693 4900 1478 4404 8418 5998 6363 5685 8474 1226 2316 9894 70 7080 9478 7086 2709 5486 6721 8239 5979 8213 4560 9760 3043 3251 8641 3525 1803 3267 6342 4329 344 4235 2652 1075 7343 8778 2003 7911 4708 8019 5181 5876 1528 4183 8057 5511 1393 4690 8522 9799 6560 2642 6337 5395 4702 6491 1285 7342 8576 1240 708 8094 3984 8532 534 2783 5924 2101 7400 6516 2849 3273 469 8802 7146 6196 2805 8582 5003 6410 1572 1892 1577 7533 6650 
9143 1281 7313 6451 8391 17 9828 4493 3886 575 803 5534 2005 3762 1671 256 8782 1916 477 5817 7855 513 6164 820 6846 7212 4712 2187 8089 2058 8419 9849 6610 8743 3245 8107 4961 4148 8403 771 4485 0 0 -1610612736 536870912 -2147483648 -536870912 -1073741824 -1105123352 1726544912 32 9143 8391 3886 2005 8782 7855 6846 8089 6610 4961 4485 536870912 -1105123352 8391 7855 4961 0 373 9421 1271 2399 1336 5911 3088 4852 6783 3645 9300 2838 4446 537 8829 119 6406 7808 5065 6926 2207 2373 9854 5741 7955 -1073741824 1073741824 0 1610612736 -1610612736 0 1610612736 
3478 4004 714 6448 3962 8144 2008 4966 231 9833 9061 443 5362 2978 7031 5223 5533 8832 9486 4307 2800 4557 3060 9106 8181 9562 1411 9153 4015 5751 7783 6367 6740 7443 4338 7744 8477 8774 8547 8863 296 3466 779 9647 764 3318 8879 5657 7093 4146 9408 2556 6214 8041 6633 2733 3389 3460 6778 8964 6200 2748 5030 675 9574 6917 5729 1974 2650 7514 7757 4621 3283 1026 6485 4732 2140 1473 563 4073 6868 8490 5076 105 2493 1649 1512 2679 5446 3986 451 1978 6510 3567 6383 6320 2974 6942 3531 2036 
522 9563 2878 1046 8753 5118 9303 1757 577 6407 2410 6678 1858 1595 4527 9873 4478 5879 1640 8814 1956 2064 8356 5778 2313 9182 6035 9438 9918 9117 210 3810 9123 42 2997 3361 6043 7978 6359 9893 1495 2760 8580 6382 6388 9914 3944 4121 4088 6833 248 9988 4812 7213 2821 8594 5161 9325 9360 8145 9631 5501 3189 8393 180 9490 8558 6618 8305 5226 4608 3090 7828 2898 6525 6375 5042 6213 8098 5601 3839 273 3577 2509 7841 8677 427 5352 9786 7277 128 4172 734 1891 9156 8548 1508 1205 9056 9652 
1187 8801 2396 9071 9670 416 4978 793 6917 4503 6448 3855 9088 1754 994 9069 651 9486 5657 2307 4620 9644 8420 1026 2844 3426 2434 4328 7768 2853 7757 5223 5327 3297 6403 4146 5130 9989 2672 343 2385 2695 8951 9116 7393 4299 6200 8181 7615 2748 6102 8879 598 9890 3728 7570 2271 8663 2046 9061 5030 3283 958 7163 3618 3478 3955 1320 6307 9106 9173 9309 423 313 7063 7741 9083 1941 231 1411 205 982 801 2533 7443 2556 3687 3460 7714 105 4613 2974 5446 4557 7088 5779 6339 1311 8855 2493 
5729 1974 7981 8041 9890 8294 6229 8422 4287 682 8181 2315 982 8879 3548 231 4895 4883 7043 5223 5751 9647 9574 9562 8791 105 5362 5130 5044 5342 8636 6012 4557 1863 7286 4388 5710 3015 1516 6448 9946 5148 9153 7744 856 4015 1926 8750 7757 2008 9486 6952 4974 2748 7741 5336 958 6485 8547 2679 4408 1242 3531 3996 2733 6214 451 4146 3721 3979 1311 6200 675 2434 5652 3478 44 4307 4314 2556 9629 1021 9958 8477 5657 2307 3134 6633 7163 4299 6778 2834 6889 1026 2271 2593 885 7514 7688 4696 
8145 3238 1640 2515 6618 9918 3465 1859 7509 1054 2922 355 429 4601 9438 7098 7997 7978 3805 9577 131 9000 3923 1065 5688 7571 6384 7052 6388 4656 6172 8603 6552 9325 3361 4381 91 6407 746 1513 5601 1595 3853 6500 4913 8577 2105 3305 7814 6678 7297 129 5719 694 2509 3725 8305 9750 522 5415 4114 1418 1746 4418 1957 8539 9103 584 7524 128 9182 9563 6747 8558 4007 3437 6833 4237 5733 6382 7832 6786 639 9293 8681 4812 4295 3189 8760 9857 7788 7453 577 1210 5042 7916 1956 8393 6865 9199 
5779 4613 4299 7163 9309 6901 4978 8879 2974 4632 1026 856 9644 8500 9071 4225 885 9958 7043 6917 4314 6308 4408 4620 4388 3134 1142 2046 1187 2733 8951 6214 1516 5223 8181 416 1990 5336 6448 9890 4974 7974 982 8801 8636 6200 1926 1974 3723 3979 4307 5148 3241 7757 8750 8150 8064 7514 6403 2140 105 7615 5657 4557 801 7744 5729 4328 231 7286 7981 675 6599 3622 7456 3750 2434 4015 7590 7612 3060 7856 9647 8762 1649 2834 2396 4877 4287 4146 4338 958 7754 6531 296 8791 5751 2556 2650 676 
1222 9702 2569 7856 6778 1017 3622 7612 195 5657 1649 1473 994 6531 2853 9833 168 2402 8855 3636 2556 8233 2748 2705 7197 958 5530 7456 5223 7995 9958 8879 2104 3639 1469 960 9486 5446 9890 1754 2952 8863 3979 2021 7783 8750 7847 7093 3531 7043 7768 4307 3772 8762 5130 313 44 6448 4503 682 2695 5862 4353 6726 105 6599 7031 6868 423 2800 3618 5533 9061 1187 6200 712 9940 3283 3723 6942 5148 8446 6271 2839 714 8420 4549 8831 1242 7570 5498 7334 651 1411 2036 8832 9083 2293 4557 6168 
7523 0 1724028112 0 0 0 8782 1916 477 5817 7855 513 6164 820 6846 7212 4712 2187 8089 2058 8419 9849 6610 8743 3245 8107 4961 4148 8403 771 4485 -1093969840 0 -536870912 -1073741824 -1610612736 1073741824 1610612736 -2147483648 536870912 0 0 536870912 0 -2147483648 -536870912 1610612736 536870912 1610612736 -1073741824 -1073741824 -1610612736 -1073741824 0 536870912 -1610612736 400 1728398928 0 0 0 0 0 0 4138 2455 6630 2193 5377 8006 5980 4358 4717 8071 9900 2939 8756 6939 7142 6929 3014 7968 6795 9248 9991 7303 5801 475 5559 -1093969840 168 8803 1374 9946 9116 7549 2705 2104 7590 714 
4748 1078 3811 674 1271 1450 7843 6326 373 7239 7725 8042 7307 5115 6347 1798 1544 2838 8985 5911 2399 1336 1962 3686 119 4270 8958 9421 8264 5969 4104 1543 3088 9747 4852 537 9949 1364 4432 7071 5167 8976 2788 1468 7065 5875 9300 4859 4830 9378 3645 3954 1000 8696 2073 3375 3625 8829 7038 1428 9469 3445 5098 7899 1518 7984 2813 5940 2812 4866 5758 552 926 7646 4446 8596 9437 4250 7808 9525 6406 5741 9993 8287 5065 4098 4095 7955 3562 4600 5357 1860 1526 80 8018 4228 9274 9772 8707 3464 
4073 5460 161 3672 6004 2434 5914 4307 1248 4877 2839 3688 7783 44 1048 6403 5223 8150 9069 6952 6448 8734 8181 6271 5657 2715 6868 7757 1059 4146 423 5342 714 4557 2748 231 779 4001 712 5595 5362 4503 2307 5076 4835 1974 9088 9486 7615 8410 8879 4685 6308 9989 105 3407 2695 4966 9153 2556 9408 7741 9833 4883 801 9082 8855 7258 994 2978 5652 6307 3478 3460 2271 296 5030 4696 1990 5446 7043 6585 6289 793 9083 9071 5599 982 7443 598 3241 3531 2789 9546 7754 5729 7510 2853 7197 1374 
6162 4201 3533 9708 831 9063 7227 8401 5895 3526 9606 6482 7055 813 1725 6166 5504 6725 6048 9700 4256 4916 1965 2787 6521 8414 4760 2929 9181 9036 5063 2127 4932 3293 8032 5306 8542 9284 9766 2920 6554 -2147483648 1720738912 -1073741824 0 -1073741824 -1610612736 -1610612736 536870912 -2147483648 0 0 -536870912 -2147483648 0 0 -536870912 -536870912 -1073741824 536870912 1073741824 1073741824 536870912 536870912 1073741824 -2147483648 536870912 0 0 1610612736 -536870912 0 -1610612736 -1073741824 0 -1073741824 -1610612736 -2147483648 1610612736 1610612736 0 -536870912 0 -2147483648 1073741824 536870912 1610612736 536870912 -2147483648 -1610612736 536870912 1610612736 1610612736 0 1610612736 1610612736 536870912 -536870912 -1610612736 536870912 
1048 960 7043 105 4835 5223 8064 161 6778 7279 3772 3672 856 5076 7847 8774 44 8879 5460 3015 9958 8951 8150 4877 9890 1222 7757 2705 6308 982 3622 7856 4307 7456 2569 1473 7612 958 5336 5652 2853 9408 682 231 3567 8762 885 1021 1411 1974 6262 8181 4146 5148 4330 3531 3318 4557 8233 6448 3241 8832 1374 4621 1649 7286 3460 801 7513 994 6289 5130 7496 2307 5729 6403 8734 2747 8500 6945 764 7380 8831 2008 9486 8844 9082 296 5342 2941 2556 2839 8420 4353 9629 3688 6740 3638 3639 7514 
817 7974 2593 1516 4015 6214 6200 675 8791 1926 2679 9946 8181 5729 4314 4788 6448 8144 3962 5148 7514 2650 4307 6485 4287 6633 4613 9276 5223 1242 5044 8879 1990 3996 1026 9647 2533 4883 8123 7286 2733 4299 6367 4974 6889 9723 231 6229 7757 7995 885 6308 4338 7744 2008 6383 5533 2140 2014 7163 680 3389 5751 8324 7981 3283 1974 3478 5362 8422 8477 856 682 5779 8750 9557 8744 9644 9890 5336 5498 714 3060 7754 4732 5884 2672 3134 6778 4895 8951 8420 9153 2396 4461 4146 3348 651 2307 4557 
2668 1498 9489 1724748960 1610612736 -2147483648 -536870912 942682162 1724755968 1610612736 -2147483648 -536870912 536870912 536870912 -536870912 -1073741824 9928 0 -1090673165 1071079027 1063104199 1072343558 1064160126 1048680183 -1086484436 -1081887015 -1089104160 1047958744 -1089528142 -1096471546 1052988984 1058364486 1055165505 -1091167704 -1093702696 1046319187 1065379166 -1096075360 -1091234713 1046167223 1039875281 -1101889540 1026006972 0 1060290584 -1098403637 1049877443 1071397972 1067865205 1059480377 1053543769 1032640680 -1100481414 1035772105 -1095974590 1055765519 -1095687288 -1147553990 -1094805945 1020228438 -1095673533 1056977367 1057638265 1055044178 -1099066932 -1106317963 1054708925 1010515625 1049227490 0 -1114891656 1070852090 1046194544 -1096944796 1040053850 -1074844406 -1095278849 -1091725719 -1106097053 1000659184 1035099779 1054021678 -1102442782 1056995750 -1127110708 1057216361 -1094284596 1035786094 1056802382 -1128381241 1060278377 1050330824 1034612323 -1090136145 -1107500070 1065353216 1043729057 -1074988298 1061951591 -1119544002 
5657 3531 9486 6585 2748 8734 2705 958 6778 3639 994 1164 7995 2952 5030 168 3688 3622 4503 105 6740 313 3348 2839 3318 2293 2140 5914 9833 2556 6200 680 5223 7334 8181 5446 4557 1754 2008 9319 7443 7856 6508 7688 1410 6825 682 195 7590 7783 5530 8855 5599 6383 1411 7456 3687 9989 8803 343 443 7570 3549 3618 6448 3875 714 1222 4146 1187 1242 1021 9702 5595 9106 3478 4410 4696 9069 66 2402 9546 6214 8233 2800 1990 1473 8073 9647 9153 8831 5699 3466 4004 7741 1037 3060 5539 4883 7031 
4980 8448 529 5234 6142 547 875 1519 1107 8511 4750 2848 8745 593 5337 4765 337 5326 7589 9096 8959 4186 6341 9951 2907 2969 7223 3561 2383 4861 1433 8883 4119 7879 5631 6057 7556 7478 7488 8884 4430 8800 3280 1024 949 2535 2500 5910 3655 5709 9344 414 2757 7479 3395 5153 455 419 3400 1096 9852 8046 3053 1014 6394 6042 8023 643 9393 8481 8058 288 193 1818 3330 5596 9586 9381 4635 5630 6430 8113 6750 1127 5765 9927 8911 3317 943 7007 9461 9980 6959 459 6898 9440 3633 4207 3757 3130 
6448 8879 7043 5223 8181 856 5148 6308 2733 9958 7757 4557 7754 9647 231 5362 2556 1863 4146 7514 7744 4307 5336 5751 4621 3723 4974 1411 3015 2434 3478 2974 3134 7981 7783 1990 1048 3318 5710 1026 7496 3460 9071 2008 5779 7974 9106 6868 9890 958 6942 8832 714 4314 6403 801 6214 2334 2705 3750 105 8150 5657 2307 9562 4549 9486 9644 7615 1222 5652 8233 5076 9153 9574 8041 161 4461 1974 5729 675 4632 4001 4895 6307 9629 3283 6778 5342 4015 7856 9061 416 1021 9408 2046 6339 8951 885 44 
3622 7456 730 2307 1649 5657 8233 4788 9702 9153 6778 7856 2434 9958 1941 7570 6531 9647 8446 9546 9890 6599 6200 3979 2402 3297 6289 7093 4307 1017 4557 8951 2748 4353 66 423 9833 5862 8863 7490 5446 3721 994 3772 9940 2844 7141 5223 2695 5914 9276 7380 2715 5729 8181 7063 9486 8855 2533 1469 3964 2021 1530 3955 958 4338 856 7258 7031 2014 7197 1242 6308 7768 4895 7334 8177 105 651 9116 4330 3687 5699 2569 7549 7757 2036 9088 1473 8477 1754 4696 7847 8150 5533 6367 3015 7043 5530 1248 
6196 6096 3753 2316 7064 9894 2658 7753 2765 3235 5993 2101 8641 5549 799 3816 4501 6363 4860 1088 5471 4934 6832 1577 580 2972 5176 7923 5181 386 7644 8418 8922 9427 4404 4865 969 7681 5511 3043 1285 7493 172 6077 8093 8001 4106 4142 9342 5003 3093 6143 4580 4789 3183 4305 6169 70 7421 3131 6321 6218 5923 4467 6877 1984 1124 5649 9189 8778 4333 5826 6187 7189 1533 5979 4618 1781 5673 627 3702 9799 9932 5094 6453 9415 3122 6337 6373 2520 1615 4266 1557 9760 5465 8582 2429 8090 9728 2882 
5657 9833 994 9486 7393 2396 3060 7031 7570 1411 4410 651 9319 3618 2748 9173 2140 4503 5446 1187 1363 9106 313 9670 7768 343 598 714 5533 5914 3687 2715 958 7088 6339 3855 4788 9061 1754 1530 1990 1941 7995 1410 2036 6383 7334 6200 3986 416 2533 9116 1320 168 3622 3962 3875 8803 5729 6271 9723 2493 1037 2021 793 7139 3676 9153 9495 3964 6510 5223 2293 443 8855 6945 2104 2763 9276 9546 9557 8181 675 8879 2307 6214 2556 6102 3955 8477 6448 2402 9271 2839 2385 7757 6724 4732 7783 3283 
3668 451 9647 6778 6448 6012 3721 6200 9958 8233 4895 856 5498 3283 9153 6229 2307 4330 958 1242 8863 2705 44 5223 5729 5446 7043 8951 8547 8879 2271 1473 3015 1649 8041 7380 2014 7031 9106 3979 7856 2556 2941 2733 9629 6308 3531 4287 994 5533 8181 5336 1021 8064 4883 5530 7757 714 5148 231 4307 5076 105 4015 2748 7995 1512 7443 9486 7496 2978 6945 4281 4338 205 6726 2396 2533 675 9276 7570 6740 3318 8477 3687 6289 6262 8791 6592 680 5130 3622 651 9061 3478 6307 1530 7456 9408 9206 
1165 2085 1711 8319 8019 1723 8992 3695 3341 6410 4522 2849 9895 708 9245 4383 4925 6605 6650 2601 1936 1075 7585 2558 1714 8975 1873 2783 9464 7564 1612 1226 9028 4886 5198 9389 3173 2000 2068 9269 6120 6342 1103 8522 8802 6316 9242 3981 3924 3054 3058 7544 4667 7580 3115 1892 6761 7921 3512 4248 9466 9357 7177 1783 4865 344 7331 3887 1791 7189 2996 5607 6688 2003 7067 6648 1589 9414 1400 6414 5051 2764 2805 2871 4239 430 2304 4787 3070 1939 1663 8239 8692 5471 4813 9593 7493 6059 6182 9548 
2844 9989 793 1248 7590 5663 3060 1990 7768 2334 3955 168 2434 1363 2396 2789 3608 714 3393 3407 5657 9723 416 2385 1059 4328 296 7063 2733 8181 9083 9069 7510 5030 7714 66 7490 6942 1941 8791 3964 6868 1562 1530 4503 7757 3297 9088 6448 4883 1187 44 9153 5223 4549 2556 2361 3875 2780 8324 1374 8477 6383 2853 9940 9486 9670 3241 3986 7514 2748 1411 3855 3426 313 4410 5914 1974 994 958 6214 7258 8663 1410 1608 2293 5530 2140 7570 3676 4307 2679 651 8683 9319 2763 6778 7393 3618 7974 
6630 8006 5377 2565 6345 9313 7497 3212 4606 3077 4988 7917 6989 7212 2773 7687 3595 2193 5640 4188 7769 8598 3412 4138 3919 1895 3163 4717 8536 1842 721 1389 8059 4485 7140 7626 5015 2455 8756 2939 4570 5839 5980 3014 771 5522 8071 4326 6900 6387 5720 7968 9699 5784 4358 513 5107 317 5893 7859 7352 1552 4554 8194 271 3545 4100 470 5468 9900 9248 5122 4506 1628 7909 7142 8916 6110 8051 232 3782 2318 5801 3973 9991 558 2187 1732 170 4655 5154 5817 2301 1743 3308 8249 6361 1890 9244 8649 
2668 1498 9489 1724748960 1610612736 -2147483648 -536870912 942682162 1724755968 1610612736 -2147483648 -536870912 536870912 536870912 -536870912 -1073741824 9928 0 1060290584 -1098403637 1049877443 1071397972 1067865205 1059480377 1053543769 1032640680 -1100481414 1035772105 -1095974590 1055765519 -1095687288 -1147553990 -1094805945 1020228438 -1095673533 1056977367 1057638265 1055044178 -1099066932 -1106317963 1054708925 1010515625 1049227490 0 1060290584 -1098403637 1049877443 1071397972 1067865205 1059480377 1053543769 1032640680 -1100481414 1035772105 -1095974590 1055765519 -1095687288 -1147553990 -1094805945 1020228438 -1095673533 1056977367 1057638265 1055044178 -1099066932 -1106317963 1054708925 1010515625 1049227490 0 -1114891656 1070852090 1046194544 -1096944796 1040053850 -1074844406 -1095278849 -1091725719 -1106097053 1000659184 1035099779 1054021678 -1102442782 1056995750 -1127110708 1057216361 -1094284596 1035786094 1056802382 -1128381241 1060278377 1050330824 1034612323 -1090136145 -1107500070 1065353216 1043729057 -1074988298 1061951591 -1119544002 
2783 7177 418 6109 9814 3774 3924 3236 1939 2764 6761 8019 7343 7625 9196 1075 6342 7936 3589 7923 6077 9478 7260 3173 2752 7189 7544 2849 2680 1936 6648 2429 3183 8522 6316 6414 4580 6605 1873 8692 1592 7564 2805 5104 7493 5471 1709 1471 449 3131 5965 1612 1783 5942 5924 2601 8319 5685 3753 1791 2003 4183 5486 1226 1735 5607 9414 4994 3043 4 5693 5109 9037 7196 4522 9593 7681 4248 2460 4872 1663 8268 3512 7275 708 6410 5404 4501 6999 7146 4155 276 9992 2871 2803 7122 8960 469 6340 31 
2203 2094 1712 3261 8335 2675 8906 826 4229 9371 8506 3517 9225 8152 894 4884 6422 8616 4080 5231 9952 5290 2625 920 4163 3489 7869 3366 2443 6189 9697 1635 9059 2305 85 7930 4660 1423 2233 1407 4129 7362 8723 2142 9767 7462 6244 6685 9639 1136 6121 5473 1456 6294 5690 827 6718 8871 3901 4996 9844 1967 3274 4838 9929 5215 7481 7587 7280 2245 7858 6002 6396 4817 4928 5995 1641 6432 8516 6613 6028 479 9212 6594 9879 863 1934 4118 6666 8007 6924 743 3582 415 8767 666 655 7109 1788 1154 
8964 44 8181 5223 3638 8547 4621 9153 563 3721 712 4307 8831 8774 3015 231 779 8490 1410 5729 9486 3672 9408 769 257 9647 2434 4073 8832 6868 2853 5342 4557 1863 6229 8422 5652 6778 1048 7093 6952 682 6004 9833 6448 66 6367 5657 8150 6308 6753 9027 2941 8863 8734 7334 6726 856 1974 451 2748 8477 5446 7514 9890 676 960 4966 5030 105 7783 6825 9088 6012 9083 8951 8879 994 7741 5460 3060 6289 5595 2715 9495 4974 4895 2014 4549 6740 9574 3531 161 4338 2650 4004 3478 5699 3407 1473 
1222 2556 8855 2748 7197 105 9702 3979 1017 5657 958 2695 3531 1473 2952 5862 423 195 5030 7513 6778 9486 4328 5223 168 3639 6377 994 2569 1942 7995 2434 8879 3723 9940 8073 7856 9083 4503 8233 9088 9958 3618 4557 1164 730 8831 7615 2402 9069 6448 5710 916 2705 8353 7590 1469 9061 9833 3622 3636 8734 6403 714 2021 5699 6825 5460 7141 3466 9890 8177 2800 6740 205 6726 7496 6531 3191 3478 7490 8420 1754 8547 5652 5530 6868 6271 1512 793 6592 7612 7334 6945 7443 4001 7456 2307 2747 7460 
9670 7393 1187 9116 6102 3855 651 9173 5657 9989 598 8801 416 793 3955 1320 7490 2396 2307 2844 7088 2385 9486 1941 343 5914 9069 3060 1411 994 9088 3618 2715 7258 2334 9061 2434 7570 3393 3728 7768 6200 7063 2748 9071 4307 8855 6448 4503 3297 9106 1363 8663 6339 3407 231 3986 6917 5223 5327 1026 2733 2763 4978 2533 2036 66 423 1248 6510 3644 2271 9153 3478 4620 5729 8181 9083 9833 1059 296 4328 6952 2493 4883 2853 2695 2780 1754 3622 714 7549 4410 5030 8177 4788 6403 7757 7214 3460 
807 565 5964 2895 5538 9835 1818 8632 8043 5234 7999 4635 7582 2407 7321 214 3655 3256 6501 4135 23 7324 6920 5337 5765 6918 7684 7589 2535 9381 5910 514 1951 6430 8415 5999 1100 7151 8511 684 3332 3828 7700 6341 2837 6040 6465 7121 1624 2757 6601 7857 8256 918 6085 2194 414 6750 9406 7162 6420 4724 8899 1028 419 3253 4308 5630 5596 1237 8776 2576 1642 5237 3911 632 593 455 9115 9927 3698 8883 3330 1446 1166 8466 1433 2311 7223 9951 5907 8884 1096 1682 237 298 7488 3053 878 8023 
2839 5599 105 6740 7141 423 4696 4073 8181 5223 8734 3531 958 4557 2748 6168 9833 6004 7334 5657 2789 2434 6271 2715 9486 8410 6868 4307 8073 9546 1942 2361 1248 6825 3407 1048 3644 9069 5460 1307 1990 7456 9495 9702 3639 1974 5914 5729 8855 9408 4328 3466 1059 3622 8150 8446 4685 6585 3478 195 994 8420 3549 6308 3191 5595 7514 231 4835 6448 6778 4549 9995 2800 2780 161 4503 6289 7197 9153 296 9319 2321 4001 5710 5652 7757 6724 3060 168 793 2569 8353 8879 7783 4146 9088 6508 712 2008 
7934 2139 877 2395 7734 2793 367 2517 6932 3989 9013 1847 5500 8619 498 6953 5299 9401 9297 4169 3771 3094 3830 1265 1325 4619 6259 7225 2956 8678 6957 5244 8189 5901 5629 7467 9112 2689 8083 1588 4011 8897 9149 5450 879 1752 5197 6118 6644 2598 6787 8274 7766 5390 8711 5273 132 700 3021 7491 461 5254 753 5243 9916 7944 5691 9813 582 4123 5208 9228 2873 4346 4368 623 5410 653 1327 9933 8978 9899 1099 5996 8097 1806 5975 2682 936 2723 382 7314 9913 202 7021 5597 4276 2079 4550 7630 
3502 1685 5792 6426 2881 4873 6743 8977 9100 406 6056 5281 2887 1384 9691 3047 5671 1288 6741 5990 2249 204 8265 4509 345 2663 5085 8892 2810 2843 9282 8040 5632 8815 5061 1501 3888 1438 9896 1977 1083 3294 1432 647 3113 286 1353 347 6822 3346 8284 1910 111 6190 1902 6843 6208 1149 6904 808 786 2539 261 8602 7442 4829 2734 8377 3287 4053 4223 9329 7256 8689 3658 3339 2621 1775 3476 6858 853 3706 6212 2327 1694 2615 9039 581 7105 7183 2437 821 7165 188 7606 9914 3442 8804 8549 9433 
6837 1150 3225 5941 1035 5841 5869 3094 9481 5887 980 5197 1652 9297 5340 1155 6762 8136 3413 2793 8512 1495 4987 8557 5701 5860 5251 1911 9112 3021 8417 1182 7775 8441 9735 4814 4783 9935 892 5917 889 1826 5349 7592 2391 6568 1945 9903 3903 1144 1548 5026 1630 2571 5140 9171 4169 2947 2612 5114 6395 4194 936 6300 4343 4274 367 9914 5711 3514 2079 4011 5208 4565 1379 1264 202 5100 4962 7766 4608 1692 5678 879 3989 600 3839 5605 2956 1903 1806 7729 7734 6977 8897 3082 5056 1847 6043 9686 
8325 3835 579 8597 8009 4267 9042 1104 9800 6357 7465 625 3629 8281 2664 5040 5696 977 9210 8502 9133 1619 2322 8404 1494 7265 9405 6440 1979 6758 2387 5193 81 3331 6921 8469 4556 6986 2466 1996 3818 4730 6564 4676 541 217 5412 4822 6445 1972 5905 7106 1244 2640 4244 9815 8292 1927 8790 9367 2739 5355 8394 3327 2241 8236 4829 5191 211 159 3916 8702 1161 5037 3083 4641 1149 4757 2724 8947 1416 9369 7929 1172 3825 2180 6626 2573 2116 4834 966 6815 2919 5674 5001 7176 8044 1703 3457 7892 
3612 2175 649 7028 9849 4283 3546 1087 5269 1686 8194 5309 8999 1748 7787 4392 1628 2187 7830 9090 6939 9251 7626 8756 5062 1679 2308 5784 4961 5271 4655 570 8931 320 590 5107 8286 5097 7678 4148 8660 6372 9310 5980 325 3457 7325 4953 9244 1090 3381 3077 3308 7917 7142 6345 513 6630 1265 5422 759 6424 5643 8598 6774 98 4358 8649 5002 4449 7215 5522 7302 1244 7638 8610 7760 4967 6131 8886 5679 275 2825 3545 2934 9900 3961 7217 2779 9991 6535 5037 6257 3092 3716 5708 3565 4801 7898 9289 
5783 5253 9793 6873 2841 6670 295 6434 482 2995 9663 5594 3584 7409 2144 9588 9914 7712 4698 9867 7448 5178 408 7872 8116 6055 8348 8486 3498 5980 6141 1849 5457 6442 303 169 1331 2562 585 6116 2459 3747 590 369 3303 3529 8138 5645 223 256 941 1922 8102 4516 5218 600 7179 2180 4222 347 2724 3613 2254 1969 7411 1480 3044 6822 7021 8712 1669 2735 9198 6677 146 3222 879 3797 7207 2240 9052 6167 3458 3773 4739 1052 6679 1339 5206 5696 6266 1692 8038 8378 8765 706 1927 3002 5035 5110 
7093 1410 714 8831 9153 5030 4004 3389 2293 8477 8683 9833 6778 8803 7031 3688 4338 2104 168 8863 994 8490 6383 3875 8832 6942 1530 2402 8324 5657 5446 6448 2800 817 1990 9319 7570 5223 9486 5914 8791 3964 3060 598 2853 9495 2748 6320 3638 3191 3283 5530 3348 6726 4788 6289 9271 8181 4307 5213 1411 7590 2271 7334 7783 8774 9276 66 4883 7768 8547 1374 865 2036 4877 2839 1363 9088 5192 2705 6889 675 7514 8964 958 2434 7995 4557 5699 6377 8123 3407 7443 8734 6825 2556 5729 7757 2650 4146 
1519 7556 4750 5631 1433 5234 1107 4366 8959 8745 593 529 2737 5337 414 8448 2194 2837 459 2500 1807 4980 9852 3507 7589 949 6750 9876 2535 337 2383 7479 3317 8164 2975 6981 4563 5326 3561 547 6142 2184 6285 1024 9951 6341 571 4430 9209 9842 4022 4186 6057 8058 7488 6085 4893 2757 6398 8800 5630 7288 875 8481 92 5388 2717 9883 6465 419 3130 8911 3280 847 3757 2769 1286 3911 2907 8255 918 3400 4413 193 3332 5907 8632 2967 8511 3633 5423 4815 6738 4119 3330 4861 1682 1096 8339 4780 
3622 7043 2748 680 2705 1649 7456 2569 7856 6778 8150 9890 6585 105 5223 195 3979 9958 3639 958 856 4307 994 2014 6308 8233 3531 3672 4353 8181 1222 8879 1048 5729 7995 8803 5657 682 1242 3015 960 6200 9271 9647 6531 8500 7612 1516 6289 9546 5336 9486 2839 1469 9702 5530 8863 4696 4557 161 8844 1754 7741 4788 7847 1374 168 3772 1473 5498 2434 8951 7757 2307 6825 44 8064 3964 676 5342 3721 2293 2402 4330 231 5076 9153 4835 7093 8774 2952 7981 8791 7570 6229 5148 982 6367 2533 9276 
9084 1519 8448 878 547 414 5234 6341 4980 529 2383 8959 875 593 949 92 2403 6142 9091 5326 4022 3053 1624 8627 8800 237 8745 9876 301 3904 1014 1581 9951 2311 8511 7253 7223 459 7288 4186 2848 214 2969 3280 2194 193 8766 419 1107 8058 6394 8884 9096 7999 9704 2737 7478 2145 643 9852 1237 6657 6401 8481 6918 3633 384 298 5709 7589 4207 2500 1446 4750 6334 3561 8113 3317 5538 8632 9382 3395 5907 4635 9381 3196 2184 9927 9393 565 9258 4765 8883 1433 4563 3067 9883 7108 2479 1096 
8245 5395 7580 6516 430 1226 9498 5459 5444 4183 5942 2652 8094 7196 899 4329 7533 4683 7752 6491 6438 1528 4972 3273 4900 1400 531 4180 2669 2252 300 6486 5028 7189 7342 4837 9521 8488 6684 6721 7079 3282 6062 3984 6667 6675 7327 2192 5102 4994 6457 3267 5924 5944 8456 9478 9743 2117 1557 9945 5241 9315 9415 604 5715 591 9357 7086 5465 708 3377 2642 7723 3525 6560 2601 6091 3258 1939 688 1597 2032 5972 2268 2609 1443 5693 2304 4127 3695 5587 245 3887 5109 3341 444 8057 4690 1898 8019 
8042 1073 9386 7307 7065 3445 2812 5098 5700 3232 9469 6347 6406 8287 1007 7899 9274 4859 9818 3686 9993 5957 5167 4528 4940 537 1364 8277 4866 1860 4734 1510 4098 4852 145 4228 4400 2788 8018 5357 1550 1283 9854 1518 7646 4270 2399 1886 4357 9525 1171 4250 22 2159 3001 3625 9772 3399 4675 5445 5940 8264 7955 3375 9949 8829 80 6128 119 2207 2838 7799 9300 4116 6926 1798 4748 9437 7071 9892 9924 1526 1000 1336 1544 1078 2813 8707 20 926 1543 1428 2373 3811 9747 1962 5245 1255 4446 7808 
