6544 2251 162 9762 1860 3587 4698 5310 5458 5233 7690 3068 6434 5229 1356 4766 4013 5234 304 1528 5298 2752 1718 605 4186 8050 9083 1526 4478 5583 5075 83 900 435 163 7345 8726 4824 7936 9024 2629 1519 4714 6992 2552 4489 783 6158 7527 5207 2837 4088 1705 6643 6470 7036 755 260 5021 3857 395 6681 1226 7270 469 5905 1467 8673 9563 6323 6454 7391 2276 8889 3732 1130 4463 7657 5295 5895 1310 9693 5498 4427 4574 5293 2760 2436 78 9636 7940 116 3606 8181 9787 2361 1051 7709 5864 1761 
5792 3049 9691 2881 1603 8146 932 2291 3294 2249 4509 1384 4640 474 8195 9100 2652 5749 5932 7374 6003 2687 1624 7650 22 3532 2559 6843 2386 7752 574 6147 531 7470 1053 5220 5984 6532 8491 8365 9550 8127 786 6608 5134 9924 8296 2404 8501 8494 5072 2990 2643 6302 5403 5492 7165 6769 237 3377 8700 878 48 7620 9475 6491 7342 8265 9897 1390 6152 6208 9788 3820 7759 3502 2887 403 6472 9619 402 4808 6417 4832 6486 3386 3003 679 3586 7961 5671 3113 8353 991 3756 7238 2437 788 9871 6341 
5852 6244 6453 202 6957 9916 6118 4126 3032 8824 8611 651 6429 7003 1588 8619 6847 375 8001 5975 2237 3151 2689 722 7699 6601 700 6002 907 866 3093 3337 3541 1159 4660 120 4575 2189 828 9813 2867 3948 5410 4368 9447 4541 2772 2132 2517 7734 2546 6380 2393 2306 852 6913 1706 4586 3535 6490 5698 9363 4084 7630 3353 7644 9013 3989 7797 367 8431 3233 8415 8771 4868 3744 2273 3890 582 5277 6787 7493 1615 6722 5389 7944 9933 1259 5254 7934 6972 5450 99 7994 677 4918 4684 1192 7475 3082 
3369 1654 384 8831 604 48 9690 4296 876 6091 8843 7290 7407 5326 9740 230 3473 2791 3292 6698 7189 7601 3864 1410 5067 7345 9970 3834 3694 9312 261 1529 4679 6632 7391 8255 2938 1123 7648 5781 4714 8334 2839 5657 3555 9319 748 2666 5532 4010 1728 875 7837 5895 30 92 8261 6476 9739 9551 289 2591 8627 8042 9775 2178 112 5550 2152 8267 6585 562 28 4155 1270 8382 5028 8102 8796 6621 2687 5700 1515 2945 4873 1169 7030 4980 3654 2652 5735 1557 9658 6022 4512 3221 7115 2357 8716 6828 
1182 1155 6617 5435 9889 1826 3903 1652 9678 9012 6243 8667 8441 5701 9255 1867 889 937 8304 1914 1435 7750 7883 4998 6697 9380 834 9701 8027 5887 846 681 4815 9922 2214 9596 8126 1333 2697 1659 9297 674 4299 5251 892 5869 1911 79 2280 3021 9637 5481 1546 7775 7725 7982 2408 1342 3084 2174 9439 803 756 9770 4743 9286 4872 3094 1115 9208 5319 2616 1925 862 1495 7309 2042 6326 7758 9018 6636 5876 2153 2532 5672 8417 1026 7893 501 5009 8021 9112 3455 3596 678 5915 8283 4376 7993 4736 
7183 3280 4480 7533 5657 8439 8433 4766 4571 9910 116 5223 165 6602 9179 3445 967 80 4824 1787 4180 4270 5866 379 5812 606 9486 7938 1067 6437 5439 8548 1440 4714 2491 1355 6219 7234 5446 4774 5066 8950 1658 7589 8442 2036 8917 22 6268 8889 9726 1001 1229 7137 5458 7081 5233 4256 4026 9807 286 4427 8127 5972 7036 2115 2117 5694 9058 6477 9384 7620 4980 2078 6306 6245 8395 8065 6811 940 2304 4875 575 5284 6472 5281 2350 9142 404 8494 6525 6249 1714 4663 3586 5268 6212 2215 9887 1131 
2675 4432 6313 9501 5648 2221 7549 2335 3964 7923 6077 4857 3151 3539 2477 6772 1792 7753 6223 5467 9847 8848 314 9484 7643 415 3954 5086 3109 7056 4410 9581 9449 1642 120 4043 1456 424 1037 1854 7088 2402 4660 8648 8841 4661 4562 8900 2850 4960 6202 4788 2443 1381 8906 9503 1309 8948 4163 8806 8711 2740 2533 5324 9792 9405 3131 4050 6977 4347 1159 3914 1448 552 9557 6432 2466 6537 6360 489 9606 2116 8754 7857 3959 3398 3031 7827 9821 6566 9661 7493 8196 499 5875 9609 3753 3098 2080 5873 
238 1654 4880 9328 1157 5452 1767 952 1288 925 402 5544 3785 6991 8853 8005 2275 2771 7829 5155 6803 1406 5990 6159 2150 2030 2642 5492 6664 4894 1772 3756 859 876 5703 9619 7837 919 7722 1579 7030 6457 324 345 1510 6190 8364 5473 3076 918 6543 338 687 3483 6479 7209 2171 5773 2366 1060 1171 2623 8870 9846 8449 7786 5725 780 9238 1483 8298 6482 1442 3993 466 6767 2748 4887 6401 6679 1138 7782 3294 4496 4672 7752 9392 741 7650 3187 1384 9910 7739 808 1322 7407 924 7773 7533 872 
573 6876 4851 8268 3230 714 9414 1787 9787 158 9472 7391 1446 5378 2525 695 7712 5834 4623 5857 1343 414 3604 5007 5030 5541 5594 7798 6919 8326 4629 998 9434 3686 7541 9736 1490 3314 4259 8205 2748 8600 8839 3219 9723 9846 2572 600 2337 233 114 9078 7964 8529 7307 5496 3210 3907 5206 3387 4205 8287 6098 7434 2184 4454 5109 2475 5233 6604 2171 5234 2815 3633 8800 5424 3874 2212 1697 7632 408 521 5609 2446 5963 7311 7783 3392 6206 78 6589 7366 2827 4429 5659 3761 5665 3676 9728 3922 
3280 2459 8322 7081 4270 3887 9807 6428 3734 286 3770 1714 6811 7367 5363 5284 2148 1067 9490 4195 4413 9414 7959 9144 2710 6200 1658 6306 54 4427 443 1787 2703 9384 3647 3130 1260 4865 4810 4209 6219 9665 2525 150 4426 5195 3445 3392 6183 2491 5268 4893 4307 9242 6329 3670 83 4037 1786 8081 3375 8004 3283 6249 6082 5731 5236 9124 7026 408 575 5533 7391 2014 7183 1178 3368 2103 5233 2078 6448 714 9836 1952 3880 256 8433 1001 4686 9719 6166 7223 8712 4984 2304 9301 276 7137 9787 1185 
1182 5435 5701 834 1925 6243 4981 1115 1826 9255 7592 1435 8667 8384 5887 9922 1914 4815 1495 1155 2697 7993 892 5356 1659 9192 9016 8283 9163 8077 1652 4632 681 4783 1546 5251 8436 2280 8021 674 8304 5644 5869 9732 7758 1330 5986 7804 9637 8406 3084 9208 9012 8126 3837 816 883 6885 1499 9678 2488 8247 1218 6617 752 5779 1391 9439 8049 6697 9843 5426 5859 9644 6762 79 5915 4778 9380 862 2214 7725 3735 9701 8276 5636 1004 4152 7775 9470 9421 7029 7893 4376 1436 1333 889 9889 2864 4194 
48 403 2117 2652 3294 3003 1384 1123 9691 9542 4714 7660 5326 8146 5492 5792 7650 2249 574 7238 7374 9664 932 8813 7752 6152 384 5241 6232 6302 347 9602 6822 2687 22 6208 5715 3532 9357 3669 629 1359 3377 4509 6341 2403 2156 5234 3983 8202 4679 2713 855 2643 3047 2178 8265 9122 3941 1603 4561 402 6486 5220 6621 5028 5671 5512 1501 924 7645 2876 7369 4257 9619 6843 5344 1624 7099 2559 9739 3970 7407 8764 5970 7739 6728 788 8334 2386 2851 5749 8127 2437 905 3975 1138 2539 9902 5461 
5050 7481 8302 3303 3100 8582 5117 945 2770 2972 5805 8047 8234 7109 2994 4996 2658 5846 7125 903 2759 5248 6892 6578 8106 5679 2142 4785 3188 946 2101 6737 9880 5724 4467 2308 6712 3161 3004 100 7771 2877 7021 759 1815 3235 1437 9806 9878 6902 7621 9420 1003 1219 580 320 7555 2099 2497 4500 5311 8474 4533 4266 1932 465 3345 172 736 2487 6169 1393 1537 6696 6372 7217 964 1602 7502 4392 6622 6058 89 5502 7610 3248 4659 5983 2722 4517 966 7658 8853 911 5508 3142 8035 6028 1747 8297 
4539 1881 3675 5529 5047 7579 8154 3189 3115 1409 1268 9873 4172 3575 2092 930 1858 9174 516 4074 3765 2631 9830 6790 8259 901 3419 9564 512 5737 856 6672 630 1206 3324 4559 2940 269 7988 7204 767 4369 1566 1832 8031 5778 2176 2567 7472 9814 9164 5076 7296 1857 5832 6694 8111 102 5398 8258 3812 8493 1444 4879 6495 2958 239 7810 8215 6083 2636 864 5535 2736 5022 5565 7337 1955 8061 8681 3438 796 9177 5183 5785 523 1896 9396 8533 4514 7220 8764 1098 7015 2333 9283 522 847 659 9572 
4524 6224 9219 436 8699 6438 9058 2117 3423 9353 7188 6664 6156 5624 1828 3658 3287 7533 4672 9233 4223 8303 3902 188 6041 8909 7210 6292 531 4435 224 6769 8700 1149 8650 5180 1229 6741 428 7342 8797 1401 2887 9694 5984 8367 4663 5944 7502 4747 4056 6268 1406 9822 1694 1776 6491 1564 4603 2090 6997 7197 1739 9583 5049 2044 3708 3970 3846 7310 8377 1390 8127 8156 8035 6904 8956 1173 5487 6009 6417 5945 7655 2316 3133 5706 4900 5520 4699 8524 770 9806 406 3730 1393 9133 4471 8977 5248 8720 
7425 5624 6599 4022 9837 1151 8700 6041 4132 7870 6398 4524 1620 2044 3733 8127 6026 9992 6224 802 7887 6427 8461 4024 7204 8830 9099 2360 5289 5470 8447 6075 4571 4056 9923 2276 4435 8761 5561 1173 6417 7508 436 3681 8187 856 3419 7422 1776 5234 1805 8260 8150 6308 3723 602 965 5945 8161 6652 4603 2576 9583 5899 9160 4235 2898 1029 3802 12 225 8997 1310 531 7752 3052 3171 6367 2327 4557 4831 1292 8586 1585 3730 224 737 6857 5005 4362 80 1053 6454 9572 8332 9169 5180 9543 6693 523 
6326 3596 1042 7758 2612 8027 1010 3766 1271 3481 242 3566 1652 1548 5804 9735 4399 892 7273 7711 4017 2774 681 5328 9596 5915 641 108 7893 79 7163 8727 9922 5152 4983 1318 2949 1435 4299 2745 6317 1867 3881 4079 6127 9016 7725 9843 1120 6905 5251 9947 8319 1436 7286 9340 6030 6312 5073 9683 8049 190 4302 993 8416 5009 1147 9255 2697 7775 5779 4578 835 4700 1961 5431 6862 2890 1817 3741 74 8671 8784 7993 1155 4062 4419 1613 7557 8975 7333 5305 8019 7846 4611 6637 801 1726 9303 5026 
483 248 9941 9368 6807 5930 6476 5162 867 9751 7281 8302 9846 5380 8035 1536 8255 7756 3183 2499 9724 3737 3753 8948 2784 4168 3821 4686 2374 9062 1515 4469 1687 1788 7132 9970 3769 6770 6487 2001 8199 7646 6709 4574 1922 2546 8566 3285 6282 4315 9144 2620 495 795 9118 8544 6965 6139 1956 826 6391 1290 6329 6435 8937 212 4718 8523 7525 4276 1701 1989 7973 8100 968 2901 493 128 8800 6001 3447 9342 9665 7492 8753 5473 9568 5042 1504 7169 8282 8392 2509 6360 3268 1385 2234 1557 8038 9485 
2598 7644 2689 9916 8824 7225 7475 9013 4586 6957 5299 5450 4918 6118 7558 1821 582 99 6953 3948 4619 8619 4575 6993 7699 3929 2189 9447 6847 3032 4049 8097 7308 461 8698 5277 8611 2237 753 7467 6134 8001 9212 3093 7797 3989 852 7431 1588 2772 9964 4826 2867 6722 696 9813 975 2132 2395 375 5975 7630 2393 828 8398 6601 2139 1706 6913 27 9116 2751 7934 9139 6787 4084 907 5254 1574 2517 6932 700 6453 8090 1028 5750 3877 651 510 202 8431 5205 5018 4868 877 4737 8771 3418 9612 5500 
4816 7609 8197 9401 8489 6543 2011 6561 6391 959 8482 8711 1787 8649 1696 9416 6480 918 8796 6141 4871 1040 6423 4618 2233 4253 3471 7934 1132 988 7257 3637 3791 2375 4614 1922 6429 2198 1345 973 8148 8842 335 9268 3354 379 1755 4315 1785 5904 3445 3308 8096 135 1265 827 3933 3088 2343 1928 1818 4181 4345 5616 8171 5372 5875 7253 2769 318 8579 2335 3785 2278 6924 5748 6185 8569 7290 6126 9483 5716 5480 1213 8261 334 4084 4834 7563 6490 4660 2414 9482 8205 2251 8412 7344 3824 1289 3403 
3592 1344 1147 3138 9852 5874 5881 7476 1317 2264 7043 8958 1475 3211 2614 3243 285 8647 7927 5384 6133 8700 560 8613 5721 8187 7603 1917 6839 4235 9199 5305 4508 5896 4781 2750 4238 965 1975 802 3985 6460 4755 6020 8522 1892 6031 6342 8452 1924 5112 9477 1804 9869 9624 7508 3436 7301 6511 7249 6583 4230 9890 4844 5431 2421 6097 7846 459 2086 4456 8997 8594 4017 7557 9055 162 2503 5545 9729 5842 4331 4478 1173 4184 9636 6759 6417 3720 6831 6150 2338 5612 2894 2575 9422 8364 4468 3165 5828 
9447 3255 5277 651 9212 8090 7934 7475 6957 696 3948 7558 4586 2918 2393 4918 8619 5450 3032 3744 2689 8824 7734 9453 2533 8097 7797 4541 9597 6993 9116 7058 6453 461 2399 6932 4472 4575 8453 2189 907 4349 5410 677 2867 7644 8698 8431 8113 8256 9013 1706 375 8611 6601 4619 1821 2761 6953 4169 7225 8001 9943 2741 8415 5299 9998 975 6259 662 7699 6134 344 2132 5534 4346 9670 1565 5975 2598 6244 2395 7986 6722 6847 510 9916 99 3989 6118 2517 5168 9927 8263 202 852 3686 1847 6972 753 
1030 5234 6954 3506 3761 8269 4454 494 6454 7632 7207 7709 9693 5942 7589 9914 8740 8971 6163 4853 7270 8326 5066 6670 4186 3563 1312 8334 4574 3839 6354 714 1359 2068 5171 1771 1990 7691 9993 605 9563 4698 3963 303 9810 4304 6351 3445 833 3808 6484 4888 7170 5199 6391 544 9505 3468 4146 8050 7551 1195 1982 2411 9653 8285 505 5098 1467 7448 6933 5991 6751 5630 233 2340 6253 1551 9762 860 7060 4311 42 9434 8084 9373 5646 2711 3278 2026 5094 7391 5228 5866 360 4883 9507 7304 7500 6287 
7207 494 9529 9443 9776 8326 1551 7293 3197 3102 7666 505 6230 2556 6342 3478 205 7014 4700 4861 8591 608 5790 2683 8808 1226 6688 9867 9389 2831 8414 8522 544 2575 8269 9106 3073 6872 4287 723 7603 1811 605 9006 4751 6950 4895 4557 4667 9682 7460 6845 4170 529 8875 2921 7877 4260 8954 9693 3851 8812 5630 7751 5164 5562 1205 9629 2601 7448 7488 4825 1178 1824 6336 4732 4824 6250 1760 8333 7596 6249 5836 5437 5144 2236 7456 9942 6119 7364 9935 2711 5234 7852 1741 8464 7882 9647 7480 4311 
4631 1759 4664 2879 2528 8686 6460 437 3301 2378 2086 4727 7011 7991 9064 4230 2428 1643 2394 277 873 5527 6619 3893 8972 6333 3746 2845 2986 396 6478 4670 5302 9477 1556 5664 6583 8709 2503 4839 9795 2589 3685 2871 4700 3436 1168 9802 2195 6413 1817 771 5871 190 7286 6630 7916 3245 8301 9519 8407 1795 4203 8659 5479 141 7938 5384 6345 1690 4219 1167 2213 6816 6715 2204 6101 6878 2639 7762 988 9750 4170 2773 1514 7927 7146 2699 8258 8703 6120 4796 796 1047 2963 9999 8685 6390 3243 8385 
3575 3429 381 5164 7927 5527 1526 3215 7835 8403 2164 3341 2163 4237 1791 9144 308 7259 6796 8204 430 2558 7947 2491 1556 1165 9497 9716 9537 6678 9963 4824 7044 8004 1701 5034 6065 6413 7081 708 6833 6821 5879 7247 8355 6525 8259 5012 8487 2659 5845 2722 4074 5394 4915 6812 1226 2754 8891 5709 1836 5506 147 4642 5408 2662 9523 162 622 1896 2072 4514 9647 5757 4839 2276 922 767 2468 6903 124 9592 4040 4052 6887 2327 2226 9683 9182 575 7472 5066 8802 5381 9656 4243 4270 106 4427 2639 
7509 8967 5934 2515 1156 8508 8246 7226 9125 8646 3465 6384 912 3562 7997 1275 1729 3238 6966 3361 7865 1054 9240 355 8603 4381 9727 4680 9794 2922 6124 8876 2564 5348 2105 9918 5719 5038 7446 76 8910 8487 5113 3853 6073 3923 140 9000 1291 429 9558 3573 91 2478 1640 9870 9145 2166 8054 6552 346 8145 9438 6388 5556 7052 8014 7814 4306 8002 7126 340 4715 668 4890 8577 3159 1324 4204 8305 4948 6618 7716 1097 1413 4319 707 1859 8525 8271 1282 3025 746 1513 8974 330 7098 1065 3422 3173 
237 4496 2776 2688 6438 5220 4125 6136 1390 7188 7650 1776 3878 3377 1060 6156 824 3202 103 9692 7379 9840 6991 872 7719 9219 6760 3072 406 7752 3846 1883 741 8865 5984 7342 7310 3993 3386 2642 3902 6401 8655 4223 6907 9475 1510 6053 5945 7209 345 8720 8133 5811 5088 925 1140 3482 6457 1579 6019 3287 9664 6918 8248 1768 5188 7438 8182 402 5520 8700 8797 2887 5614 5587 436 1442 8530 3970 4390 2647 7210 3432 4672 8491 4699 9694 1401 5882 8449 2686 9540 9353 2643 5777 5417 3076 9050 5452 
8352 8217 1949 5182 664 8250 9239 9244 7171 8882 4019 5006 3571 7228 4953 7576 1686 5059 9874 2861 6939 2775 2097 7760 1479 9699 4138 9601 6032 6929 6345 4136 4655 6875 8219 8329 2358 7497 3698 6971 6989 9530 2412 9917 8194 5407 6630 3163 3940 534 931 6297 7454 1889 3612 5784 8935 2657 8928 3136 6393 7303 2948 325 1087 6226 4920 3150 3168 7215 4537 7053 6344 9086 5574 1383 7061 8225 2454 5801 1614 6795 5910 4324 1593 9738 8052 8880 6739 4525 4936 9656 2779 1782 3472 5582 6546 995 2874 1628 
3811 8113 6876 8221 4797 3255 749 9388 2793 4382 9698 2396 2924 8453 6512 7845 1792 4790 9929 5104 4195 7268 5756 6135 5665 2901 2984 6890 7781 5349 386 9708 2918 4010 9026 5834 441 3278 3230 2065 7617 2137 3744 9950 1788 660 3966 417 5894 8922 7081 4395 6647 2788 2389 313 6178 5195 1752 8608 1610 15 9941 3753 6581 5588 7959 5697 9414 6218 2381 5237 7056 493 623 8033 5781 6979 728 3875 8366 7590 638 4854 5510 6720 6418 84 7774 9228 7013 4502 2461 4657 114 9223 3475 3011 5340 1740 
3183 1246 1787 7065 4928 4527 3737 7525 5473 9846 3600 8548 5897 7189 5042 8569 8630 408 5914 1687 9893 7013 6021 1557 8394 4424 5397 1368 335 8138 3999 5066 1642 8502 3219 6606 7410 9326 8393 1788 9247 212 4730 5712 2231 8009 8806 9551 8012 4292 9416 7434 6487 7738 7132 8053 1001 776 154 586 3816 8470 2078 6476 6330 9337 7322 4991 9377 248 3577 1343 5121 8990 8196 8481 5866 6986 4772 6164 562 5517 1763 376 9053 9123 4660 3880 7539 6037 8267 5404 1132 3314 3451 9988 9821 7551 7045 5646 
2777 7014 6785 7589 6 4287 3102 7493 9813 3563 6972 9610 494 1600 7500 9920 828 505 4170 4853 1962 8001 9424 8269 7691 5066 7480 4020 7448 8792 360 2884 7699 6819 3677 496 6847 526 6002 5171 9505 5975 715 1919 2728 5043 7112 9374 68 777 1742 5645 1706 6425 5562 8318 6525 1192 6235 7207 8522 8984 3144 9914 1598 4608 675 4700 7003 6964 3895 1412 1961 3810 7757 8414 8091 608 2540 9650 5254 7233 1551 3032 4108 2393 351 375 3963 6490 4883 2339 9597 3506 3790 6454 1195 2077 6954 1615 
2535 2184 3230 1363 6671 6820 7250 4454 1787 3540 7632 3761 5594 2254 5496 8190 7964 6144 2880 3743 8600 7450 2446 4749 2337 3313 5253 6185 5234 3400 7311 6098 9414 2572 833 714 3152 9693 3633 3795 1023 2924 7391 7809 9956 6919 9787 4160 3529 6391 6011 562 408 8462 3355 5171 20 3876 5783 573 5404 3057 5098 6524 4852 7712 7411 7806 1425 4580 1446 8153 2152 9728 1490 4538 6434 2028 9009 6876 9300 7218 3463 749 6206 2255 7967 8919 5763 5598 7048 233 7080 9472 7160 5397 7065 1096 6376 5236 
3189 560 6382 4935 856 175 1865 2725 7832 6764 4566 4970 7247 9830 2039 266 9974 6473 3169 4101 9814 2360 8691 8594 7166 4656 1046 9303 1556 6814 7835 767 7749 8802 1936 7428 1275 147 2736 102 517 9020 9820 7220 6790 6678 7296 4164 3485 3271 2588 3802 5183 8046 360 6127 4297 3503 6371 6912 4728 4642 9438 6042 7295 2783 5118 269 3410 5593 4446 3433 2468 4827 2220 5179 2948 7574 6148 7119 9904 3414 507 2898 8833 1729 737 9178 9125 8910 3815 4403 4369 1761 3899 7044 6955 4727 5331 1156 
1132 6561 6126 6654 3955 1696 2233 1927 2617 6685 4618 2850 6867 5904 8373 5634 9792 7799 7305 70 6196 4423 3391 8030 7176 4432 8796 2675 3791 9847 3193 4660 9669 8502 5905 5447 113 5892 5616 5716 1621 913 8465 4181 8848 3067 619 8489 5397 3180 644 2407 5151 7609 9047 1712 9452 9066 3526 9585 3403 6175 5873 4816 827 2625 7032 2600 2011 4465 3933 9403 9932 8898 4871 6921 3471 3285 2740 5870 5511 3588 8798 5756 6487 6537 1854 3637 5000 2947 81 8366 4308 4215 5350 6187 2964 2443 4176 8457 
1625 7159 1829 8596 107 8806 837 8894 1775 5472 3620 3888 230 7970 2357 7862 7172 9697 9608 7987 8932 9030 6879 6642 8526 6267 4535 8558 4971 8569 5577 1083 2074 2138 9274 9781 6810 87 7189 6029 4673 9096 797 8300 7995 2029 9740 5364 2335 8129 2015 487 986 6699 3494 1038 323 5007 9527 2835 3780 9557 6157 2611 194 9185 4914 69 5825 8042 865 4923 2506 7118 8907 9017 8640 4288 1966 9896 4916 1884 6802 4696 4583 6310 2331 6549 29 9497 6977 908 1353 2111 1058 9431 9832 7857 8477 9808 
6847 9813 2772 8001 1588 6118 2689 7699 9916 375 6722 3032 2598 4586 7475 1919 828 6002 4868 8619 8611 9447 9964 2867 3541 6953 4049 6601 6957 4918 5299 99 7225 7644 3353 2393 7630 6993 6380 5254 4826 5975 9013 8431 8824 3877 9597 1565 5450 7003 852 6787 7558 8189 8771 4126 651 1615 202 700 8090 753 6913 8738 4619 3890 2884 6972 3039 1706 3093 5750 7906 722 8097 9212 2273 2139 7233 4575 7308 7493 5043 6490 7797 8398 3989 3518 6453 461 7467 907 3151 777 1574 2395 5852 3948 3233 120 
2856 1784 8199 1484 1923 755 3643 7610 5685 6139 8625 4013 6909 2091 3424 2989 5899 1888 8202 5162 5352 2025 6324 2366 5646 6849 9772 2931 180 483 8421 2571 390 7804 7971 2044 8983 362 6807 5707 4563 7339 7370 1193 5609 8047 5106 5105 2971 6551 6757 2673 6400 9598 5100 5668 9580 7081 6272 7960 1290 2869 9162 3356 5125 3181 2064 735 6770 1462 7918 5542 864 418 5571 1858 5226 361 7883 5396 9778 2975 5116 4121 9080 6300 4447 353 1197 5242 752 2234 1433 5066 7506 2764 5713 4665 3714 1003 
8442 1761 7237 856 1636 49 737 4608 5336 9572 162 4818 7882 9647 2276 1526 4911 2360 4824 9914 2552 8802 2674 4446 4430 6264 9563 7686 5234 2997 5729 1600 351 4045 3288 5184 8181 6367 9507 7709 3170 2039 6454 6308 4013 7081 57 864 4883 9693 6200 9923 1551 7480 5052 5066 5183 4457 8594 7337 605 7296 1556 2556 6448 2409 4088 8055 6950 2235 1226 1666 7905 8172 21 2898 544 7572 5164 1811 102 7556 2521 4557 4287 2627 8812 36 526 1433 7204 1760 2327 7698 6903 8875 9242 6398 1865 1403 
6079 6273 9929 8453 9026 9913 3744 2106 6429 1752 5420 3255 8323 6686 7768 4801 2363 5410 5168 9965 5560 5095 9031 23 17 9338 1259 4472 4541 7444 7229 498 7771 6973 2517 9899 7362 5901 1461 9149 9616 8415 1854 7535 8207 6161 1644 2306 5389 9280 9074 5494 9599 3011 2788 510 2263 3686 5697 4918 6957 2237 4061 907 4817 8922 8354 4660 1316 6792 6178 2520 4969 2918 2689 4899 502 6644 5852 8366 7986 696 5390 5209 7896 4391 5623 2793 4346 2137 877 9098 9254 623 1262 8113 5996 1124 4499 9473 
3575 9873 9174 1409 3843 1896 1526 6672 3675 9830 1791 6703 9127 8533 4539 8645 8259 8356 6083 1206 5565 6338 9716 4172 5307 516 2530 6915 1547 8355 5141 5778 8226 9569 1866 3490 6470 7204 7269 5832 930 8111 1857 1566 239 1707 3015 2869 9164 4275 2410 4762 1814 3570 4040 3438 7559 102 2940 630 8403 2816 4780 1881 1997 8964 9488 175 901 5 8010 9627 1955 7001 2176 2092 8232 4369 4514 430 1419 856 1832 8433 512 3445 3189 5294 8788 7539 1618 2060 6231 3341 4373 3994 3765 3068 6254 8547 
6206 3922 9056 748 8827 3956 714 3309 9787 3314 7093 8053 8084 8138 9130 3221 4912 2661 6954 9824 4527 8621 5234 9470 30 5942 1623 3445 6836 163 3688 5757 9551 9690 8843 5066 4599 408 2340 3693 8838 6240 3392 1024 4629 9693 9798 7065 2637 1490 7075 9993 5550 8617 5866 6469 104 5458 5223 8439 8537 7036 6454 2234 3841 688 1084 9507 6886 4952 2729 8600 8076 6354 8971 8326 7900 1052 5378 303 7391 8889 2068 5121 8486 4014 1001 54 4039 3459 9736 8665 2293 7738 4464 6942 6751 9218 6728 2870 
6727 82 2935 1825 2347 1676 1215 3083 8871 1953 4504 1160 8281 8506 2896 2806 9210 1070 7652 1845 1104 9844 9585 7489 5865 9133 8702 8325 514 5146 9369 6415 1189 6086 5538 9521 6143 423 3926 1332 6350 9492 8652 972 3331 8597 1494 4904 2664 7101 2297 1371 9966 9498 6497 211 9230 1089 9901 4676 6888 1875 621 3256 1667 3425 7796 1293 2377 4946 6918 1776 2241 1599 3366 7770 5591 2695 214 5758 8576 3835 7205 5465 8786 197 4764 697 5862 9931 1543 1972 9952 6564 3701 977 4802 7186 5040 933 
3588 9158 3186 9213 954 2717 9565 6368 8478 4510 1337 5819 3839 5126 9326 3506 5840 9373 1606 4997 2494 1650 1407 5426 3366 7911 5337 9505 884 7529 8282 8325 8076 1687 8781 6357 6752 113 3963 1030 1491 9405 5505 2840 1572 4660 5010 3905 8630 7065 977 4181 2411 9579 4627 5674 6701 2466 6225 6187 3835 1578 9901 3808 2951 9894 714 1195 5234 8470 775 3319 4031 1984 4859 5993 5873 6196 844 2071 4924 4764 6728 1809 3468 8677 918 3535 3183 2123 217 3629 7652 7304 3132 1439 9175 1465 8955 7466 
2921 417 7702 8879 1226 4399 2721 9661 5979 7036 9736 7081 85 3580 7709 5562 469 2364 6132 7757 2548 4608 5223 164 1158 5751 7133 5354 6742 4565 7313 9636 1961 4542 2475 2813 7784 7304 9061 116 248 4260 5362 1964 1052 9787 3478 4186 4013 6823 8372 6432 7935 8050 8520 6173 3378 5257 9701 5379 3200 8326 5234 1962 600 1330 7080 4498 7614 2849 4783 3098 9693 1990 4886 8181 9563 8076 6988 1974 9070 5844 981 408 3836 6348 2079 8464 8384 9464 5471 5856 3068 1692 1824 8032 6643 7415 2673 8537 
5591 8325 5538 3835 1848 6445 6496 8093 527 1332 7205 7621 8790 4659 903 4244 580 9675 1161 9800 1216 7945 8418 8387 26 3441 7522 8506 3425 8311 8616 8328 137 6225 4229 9679 4095 2405 6096 2664 9952 4247 3261 1539 8080 5865 9367 4285 6196 6350 3517 5260 5355 8851 1095 5343 100 6501 5878 2101 5508 3256 621 8644 9371 9966 55 9224 1239 1577 6237 3046 280 5311 1996 6497 3991 3629 4087 4364 8404 3167 9894 6121 5040 1946 5616 5993 6701 541 6143 4442 4884 1244 5674 5412 7300 7780 2094 8045 
1955 9973 7001 9888 7931 3445 8645 1560 8640 8665 8254 3907 2621 6974 2729 9867 1178 3659 1707 9357 4038 4539 3946 3604 1982 4885 1814 1011 3915 8693 8390 8326 6470 3842 6950 1226 4407 1453 9400 83 5218 6669 8657 158 3308 7208 3912 2032 9095 4952 482 1860 2767 3664 2762 2068 6338 9333 8168 3165 1269 3478 8940 6930 9896 9126 2674 3490 5752 528 8684 4260 8703 5012 1547 4908 3570 6083 569 8050 529 8533 2240 5722 8862 3886 1566 4127 9584 8701 3438 8403 8069 6242 1759 4103 3019 8010 5367 8547 
9741 6454 5070 2547 265 5234 1818 1838 4831 1359 1878 7773 3498 3785 3739 238 5596 7284 5452 5178 7693 5085 7709 6894 4911 6373 7391 261 546 6069 6286 2995 5783 918 5921 531 9328 254 9198 7774 604 9351 833 7409 572 8725 2812 466 3993 8279 8285 5237 6391 2566 1289 2909 9846 4679 5786 2140 3584 7160 4574 6992 9914 3176 9322 8231 4928 581 2461 52 859 8977 9708 5872 7808 3793 9603 8201 6818 8224 3108 6183 9740 442 4315 8005 9588 830 9693 6087 1856 952 8514 5550 8559 2171 4880 9634 
8329 7212 3299 8751 720 8987 6630 513 1674 9476 3472 7142 341 8598 6345 4792 3078 3873 8540 8006 8756 5795 9991 771 9298 931 7325 5393 4358 5002 9244 3953 7386 3257 5422 7352 2694 8882 5107 3262 880 1087 7638 3595 9699 4138 5980 3673 8071 3242 861 9246 9552 3896 4655 613 7917 1493 8059 3150 7591 3163 6393 5434 1129 7332 4476 8331 9849 7497 7053 3384 9004 2455 4532 6298 5658 8194 9601 4534 5182 7576 5893 1580 4291 1383 7687 3077 7376 7968 7336 664 1949 6123 9861 9667 5015 1389 9617 9332 
7758 892 7725 6243 2697 79 5869 1652 1155 9922 9732 4981 9255 8283 1142 1182 4783 6901 6762 7592 4815 1531 1826 1271 1435 4299 7893 2890 4632 4613 5779 6617 7993 9016 2774 5915 6697 5009 4194 1659 1391 1925 3741 3766 5435 7163 1115 8667 6326 9208 6874 5356 9770 9701 8276 9421 9843 7775 3596 2612 2864 3084 1150 4408 9859 2974 883 5644 7711 7982 1004 5026 8049 8384 9192 9735 2745 5701 8126 1079 5251 8406 6317 1991 8247 8867 8436 6397 681 108 1495 9340 8027 4185 8304 5887 1436 1333 674 8879 
5341 8181 7296 5713 9507 8442 6448 3692 255 4539 856 258 6308 8875 5022 2862 7483 2276 737 4307 231 9412 7081 8061 8055 7204 9340 3189 5005 3996 1556 3675 9572 9830 1858 9647 9334 4187 3115 105 2218 676 6950 3792 8691 2601 8150 1881 3249 2593 6976 8681 5066 2736 7879 6148 5710 6083 4314 9389 5803 4270 6565 9981 3052 5529 6651 9814 5842 9478 4824 767 512 6322 6776 4062 8982 1409 3765 9629 7220 2332 3734 8594 6467 2360 2103 7153 1205 5346 8259 8233 286 174 8130 9242 2753 5076 5234 5047 
5002 9244 9007 3733 3509 7325 2246 513 4532 9538 4655 53 3953 4476 1039 8651 1117 3595 9456 8066 9294 5893 9391 9500 3681 4362 8882 1087 7028 5107 8987 8886 5393 4537 4166 3242 317 3612 1679 882 6123 1593 8082 9395 3137 1682 9991 8659 5097 5720 7917 6630 9310 3027 3036 9861 4961 4253 8194 6280 3873 9900 6985 7212 9667 5422 8286 9535 9356 3257 6398 8751 9849 2193 5182 7822 7142 537 8830 1614 790 4144 7302 838 8534 4384 6210 425 225 8540 5582 5592 4148 5503 1129 5795 592 1479 8419 8999 
5645 833 6812 9914 7589 494 7284 4287 5234 9374 7409 4170 7709 3839 5630 68 6484 8269 57 1551 1359 9693 2728 5921 7014 4035 8076 3584 5094 3330 6287 3364 2777 6954 1600 2831 830 5448 3102 351 8091 4853 4399 7160 6670 1897 5783 1741 442 360 8559 1990 4883 5562 4428 254 7500 4700 3552 6972 3176 3895 8812 5199 7480 2317 4774 9737 1598 6454 9423 3790 9370 526 7207 7448 8231 8523 3506 6591 4186 4304 5822 4403 5359 4911 5066 8792 7499 5131 6872 7877 828 7263 1412 2393 4726 5237 5164 6 
3685 931 4104 4150 1674 8659 5434 3673 1759 7142 7919 5752 1975 4537 5182 2773 4953 2122 8751 7386 721 4647 7530 6669 9267 6587 4631 6361 8329 5720 8657 513 1955 7483 5910 3299 3850 3664 9298 297 4188 1429 4570 7638 1108 4606 8665 5154 3487 880 7497 3896 7061 3249 6460 6180 2767 4253 6630 9357 1895 8987 6816 426 1631 861 9442 3308 277 7178 9313 9898 4792 2007 4158 1552 1890 4717 3873 8687 5005 5744 1655 6989 771 299 5980 6393 8266 3511 5557 8679 9248 7566 9667 5015 437 7053 785 2694 
1543 1104 7907 939 3556 8325 4635 1929 2190 2976 6802 2405 3425 7704 2062 4914 7600 1518 6629 3949 6406 5176 5159 8932 8815 4675 2810 5919 8093 3872 7258 9478 916 6986 423 8546 5696 7522 9525 6350 4087 3835 1775 8488 7474 2322 4519 5591 2665 3154 6496 8040 7300 5456 7245 9767 1441 5024 3697 7388 9697 7439 5061 4996 9264 6115 911 9679 6614 207 8786 1946 69 323 4830 9352 8644 514 1285 2112 9630 538 2899 1160 5599 1848 1332 327 1577 13 5538 380 159 4135 1587 8307 2384 1744 4923 6577 
6342 3321 8306 5470 4235 7483 9264 9629 4861 7480 2235 9389 7751 5710 3979 9958 4557 480 6308 21 7879 7043 8181 2513 7882 3052 7496 9852 6250 9187 4013 8997 8161 4270 6777 3307 4044 4556 8187 504 4824 8492 9478 7612 6070 9529 9981 211 1483 4547 3138 1125 8442 1147 2601 5967 916 4236 1609 1151 8700 7197 2803 9162 6516 6204 9853 1636 3083 1226 699 105 6539 6523 4560 7081 1036 8939 7912 5234 1222 7870 6583 9221 8260 2276 8451 1367 2921 2281 1160 5615 7020 4146 3260 873 1074 3666 6525 2614 
2911 9901 6497 7892 4300 6792 9149 1139 4739 9998 5412 23 9930 7229 3499 6079 3989 4229 8207 5647 4649 8115 8479 8921 8236 9031 2875 4801 2399 3564 6994 5045 510 344 2761 3803 8086 7522 398 382 9189 6594 518 1565 4349 5029 2542 9280 7252 9660 2395 9220 729 5538 7457 5208 5168 6396 4346 498 4251 7202 4135 6932 5618 3597 9194 8122 5355 3905 929 145 2951 6277 6093 1737 3948 8415 3208 3724 6385 579 1872 3255 2167 2682 2038 1644 4918 6356 6948 2770 541 5560 3106 7985 5187 8840 5961 5865 
8359 3440 6316 9187 3024 4339 4436 1466 3270 1482 5276 7304 2057 1769 8143 8202 9073 7395 9622 6104 8651 8031 1300 4117 2629 412 3733 5011 9294 2185 592 2208 6222 227 864 9850 5252 5478 6555 1304 8638 8191 7158 8952 5785 9671 1048 2265 3165 9636 9410 5789 4179 5002 1540 6276 1052 1616 118 5333 8640 1804 9500 1850 3211 8286 8625 8456 6846 5652 5830 3681 9782 2023 5656 6038 2279 1334 6600 1462 9151 2191 7759 4731 2536 6240 9849 3659 9083 4253 6938 2458 215 6959 8089 2700 6987 4443 1310 8961 
5895 5657 289 9602 3123 2724 2093 2785 6174 2178 8602 4831 48 4759 6182 8448 8627 3871 9369 7391 8133 8382 1007 1226 2669 8597 5326 4165 6661 4643 2383 9486 7752 7030 4972 4400 8209 9079 520 4389 9542 5234 4911 7660 8810 80 9282 531 6542 7369 6698 4749 3669 6438 5550 9810 5634 7773 9351 6362 6152 9544 9475 4714 6091 6793 2184 872 2642 850 3860 3984 9492 2386 1432 1938 824 7874 9664 8959 5912 2215 5452 419 4157 2005 9050 261 5444 3950 2327 6069 6136 1564 8285 4480 3975 8702 4958 2371 
4050 5889 7587 6162 4848 6126 4410 1818 7490 5350 6049 9792 3791 797 6271 5875 3407 2850 8855 642 1943 5648 9047 4201 7861 2357 9546 2335 3050 1984 4857 9606 3665 70 9725 4321 4500 3029 2472 2134 5267 6113 7581 9847 5086 7056 8498 81 5549 4432 2116 8848 2073 5493 3154 2443 9669 9811 4730 6758 1037 9457 8569 1465 7421 5055 5680 6223 9168 268 1246 2665 644 5951 4057 6701 4106 5940 2434 4328 6519 9111 4614 5511 552 3582 135 2227 8907 1491 527 3526 2329 6696 8841 3964 9405 3045 3816 1792 
3678 1098 255 3675 8770 8042 737 2979 7391 1858 5646 2869 6764 2662 2185 2736 4876 2862 4566 7579 9564 9334 4294 7296 1052 3189 5047 4013 6347 3445 6222 4539 6474 6454 3115 8875 3063 8814 7081 6581 5153 4369 7905 7512 8150 3575 1268 9563 8154 9873 8055 6234 102 5122 6903 5346 637 5565 258 5785 5917 8495 4114 495 426 6823 3033 2724 9179 3614 3246 6042 4793 755 4237 3016 3422 4121 9507 9497 8202 3654 1409 5235 6316 7960 1290 767 5170 864 2052 6139 2026 7453 5769 4574 5234 2632 9444 227 
2338 2265 6658 3643 1179 1471 6987 6923 2049 294 3064 735 9635 3424 6324 5150 3211 3720 843 1834 6831 6293 1515 2569 8389 2531 2798 3900 9010 3852 8411 1173 1126 8625 262 1793 5396 2197 2942 6610 9908 8253 8563 6525 853 4197 2318 2670 2421 3307 7737 310 456 6301 7847 5633 9187 702 9934 4677 7087 4456 9236 6780 1605 3885 1759 2091 2283 6759 8440 1230 9556 9358 2836 1202 7559 635 8700 6789 4867 5339 3345 9491 7301 8244 2191 1484 2064 9211 7971 4844 437 4371 9055 9104 9575 7888 1300 2561 
8453 9929 3255 6273 6429 2363 4660 2901 9965 2793 4499 2875 8323 1950 9913 23 5623 7934 5390 6512 5168 7734 5389 9591 4312 2399 6613 7797 7896 2496 696 2167 4797 7986 1752 6770 5471 3744 5003 7535 4500 3597 879 623 5560 4349 653 1259 5996 9998 9280 9149 510 6644 9338 8415 2137 5209 498 9616 9368 493 6957 907 2761 6079 7252 2132 7644 8366 3011 7647 6462 1316 8402 4391 7013 2139 7056 5273 4541 6355 8037 6244 9941 5536 4956 4594 150 7268 2918 5975 3535 441 9670 8572 677 8354 4918 1644 
7797 5389 8415 6429 852 2517 877 6134 1111 7644 1847 7431 510 1259 4619 3948 4084 6957 2306 99 2689 3989 2132 6601 4868 4918 3744 1644 8619 5852 2139 334 3535 4472 2814 2237 8824 8256 2395 6993 9616 6118 700 5698 4126 6932 1588 7229 5975 907 23 9013 8453 2867 5901 8611 4737 2399 7934 6453 696 367 4049 3329 1565 2167 3890 4368 8398 3093 662 5500 9933 3208 7467 9280 375 8771 5299 1853 4391 498 5168 6093 5450 7475 2106 6972 9965 4349 6244 1028 9447 7734 9813 5623 9139 4169 8897 8186 
7207 1787 8725 233 573 8326 695 5921 7924 8800 8439 5131 8591 5562 7448 4160 6908 3347 2078 2354 2525 1760 8322 2459 9384 9453 408 6627 4395 1964 2491 5496 3887 83 5836 734 998 9693 5094 5844 3880 7478 3445 3152 3962 1551 3686 5594 5206 1490 5234 591 5144 9414 7854 7031 8529 7264 6171 2888 9666 9736 6249 9960 8812 9443 6663 9106 2711 5510 8468 6872 9867 8273 7697 2637 4082 7391 5858 7293 9719 8362 1400 5066 6206 9737 7223 8828 7851 2572 6919 4911 1067 9324 2868 9787 9216 1697 6450 1724 
1577 4996 2102 236 911 100 98 2972 5502 6712 9420 7245 6064 6260 6058 6892 5983 5311 9745 6815 945 8234 1602 8582 8469 966 3991 5878 3154 2308 4247 1932 6363 9113 9528 4785 9799 5454 8708 8293 5846 7066 8772 2047 7109 8437 4830 6679 964 4442 9754 1294 3004 7021 759 2101 1744 7244 7110 1252 7621 2245 5679 5221 2099 946 3237 9710 5176 4967 541 2759 252 6968 8312 5724 1088 6629 8895 8474 1437 1570 580 7025 6578 1241 6237 6379 2658 7945 9367 1059 3648 8240 7830 4973 172 3133 8292 5824 
4657 9377 1788 886 5042 3494 5866 4580 6450 7967 8920 734 4903 6965 9941 6663 493 95 7013 8548 7995 5487 4256 8523 6612 9751 9868 2231 483 7179 8800 8393 1446 248 7693 8566 695 2822 6823 6286 6021 5763 6606 3132 2491 208 8948 2137 8392 6876 452 6828 1774 5731 3821 128 9708 5665 3183 6734 4527 5283 4315 5473 6391 7681 4901 2499 6865 2901 2525 7391 6807 5329 7738 4660 2078 6435 9490 2224 314 68 5104 7772 1677 9846 1687 7031 3447 9965 6860 1421 9368 5924 5081 2509 1564 7275 5439 4678 
6210 4933 3681 4365 1850 3733 634 2851 5903 9302 5652 3160 9667 2218 9294 4532 3448 9850 1072 8232 1049 3940 3757 7671 3003 4714 9007 1920 9040 8940 8968 4402 9795 2696 2657 9611 2698 9874 8066 5087 2057 6466 6827 9404 9277 4199 5292 6245 1547 8286 3921 1732 1982 4362 8928 957 513 7909 7626 165 5980 8653 8 9310 7204 5470 1648 5891 1067 9391 3527 2426 8024 4693 3148 8822 4447 8889 7487 8626 7759 1686 1618 1466 8651 4144 7947 186 7360 901 1566 6232 8705 3065 3009 2701 5027 5241 5880 9127 
7599 7391 5657 1529 28 9179 503 2705 4478 6166 958 4679 8065 7634 5284 300 8397 2925 3624 48 6022 1321 6230 4766 92 3774 8127 248 3555 9740 7492 4322 9497 3661 3038 3834 3369 6048 1432 230 5368 7628 6282 744 6292 6596 2669 8334 6212 1728 9226 7189 1939 7114 9084 9646 6692 6823 189 2687 6803 876 1519 6767 8058 994 6602 7504 1551 6391 324 1031 7986 9705 1905 9545 8289 1977 8485 3706 3827 7210 6091 6217 7030 2003 4227 1959 1138 3121 6504 233 1443 5942 4980 162 4437 4400 7183 5577 
7391 6988 2724 4359 2452 5657 8050 3588 7264 4623 1760 875 1432 1073 6022 6391 1276 6454 48 1724 529 8397 8640 5178 2572 482 7189 5367 1058 6992 2240 7852 1471 5942 3123 1905 5337 2168 4574 3686 3761 9858 2141 4081 414 6677 1977 3654 1959 1841 7034 1105 1906 4160 7750 8959 8511 8943 8042 7811 1703 9741 2002 3251 9607 5234 5030 7086 72 8346 7105 9896 77 8753 6823 3135 8486 5444 8574 7712 442 9179 5646 3132 5102 4103 4911 3053 4767 162 749 549 8193 8716 5128 9126 9634 9989 3871 30 
9665 7241 8800 256 2184 573 4413 2459 1370 7062 4426 2215 3400 6481 8919 1938 3529 2491 5809 2525 8439 5665 7311 8322 8544 7792 4672 2519 9324 8725 5268 6811 5834 5781 520 9836 3860 2572 2703 1952 8529 2152 8903 9787 7967 2435 7473 8937 7095 2 4395 302 1697 1356 9846 7411 1041 9130 8138 8285 5284 408 7179 4277 3540 3891 8261 3280 1119 3950 809 967 2901 7284 9382 1830 3880 4713 6286 1490 4065 562 4851 7391 1787 8102 8137 627 6391 289 9708 394 2148 28 5963 1818 4315 7697 4686 7693 
9591 8782 9965 9338 518 1331 9222 8012 7816 6359 1462 5232 5986 2951 5775 275 9626 4771 5793 4232 2825 1399 4629 553 6418 1013 2999 3011 4276 1984 9220 4951 7529 9317 3226 6273 5968 7798 7986 8503 1144 6275 7081 9758 72 9072 5996 9960 7217 229 3319 877 3416 6222 7400 3021 9165 6768 1139 3308 2891 8719 7784 9326 1688 371 6625 4466 6972 1433 755 3729 1052 5697 4649 3373 7252 4498 9280 1276 5185 5665 5030 6987 5066 1091 3806 3186 390 9534 2496 1407 4886 7272 8550 5471 3842 7896 3560 4868 
6814 767 1275 8305 9125 1156 7472 5183 8910 8046 3853 8508 3361 4369 6835 4539 6042 3189 6473 7571 9814 668 856 7220 7755 1729 1291 7446 6903 9918 6148 9647 340 2628 5556 522 3352 8246 3033 6857 9558 9563 630 2085 3562 6672 8795 4970 7037 102 8603 7997 1843 330 6263 6023 258 5348 8594 7978 8098 7574 6083 8055 7981 2188 5402 4074 6384 1824 175 6790 2515 7226 5449 8887 7453 8271 1180 6474 3812 2914 6764 2584 2441 7296 9129 1761 6914 9164 3015 6500 5153 3048 3438 8218 1526 2276 3414 829 
195 4420 2987 1529 3652 456 786 1959 4572 9630 7117 1921 4018 3488 6527 2629 3947 5061 1532 9172 2810 2836 3523 4178 9235 3706 5345 30 6893 3969 6864 6825 5242 4329 2663 567 5074 4211 2990 7118 4090 2350 4335 6711 3945 1471 3064 5159 2151 9039 1432 4288 974 8718 4933 7864 6048 159 6208 905 9871 3831 5460 2400 2938 9274 294 7594 5907 2531 7651 1605 4919 6441 5671 6555 5776 1765 853 3556 2709 8042 8870 407 354 4844 5133 5053 6375 8734 3258 6923 1581 6707 1173 6191 2457 9646 9469 2577 
2802 238 5473 2748 7189 5081 3091 5725 8433 9618 6472 8285 3445 6479 956 1878 2430 5990 1229 8482 3630 1083 1980 4679 2111 6197 7773 1491 6078 5942 8267 4928 1438 2357 6482 3958 6329 6606 581 6145 5234 3993 2554 8127 2215 9058 5281 6487 276 7829 406 1694 3494 5014 8514 8170 3280 265 2171 8007 1739 6022 6683 8279 1288 8298 4887 5703 4180 2909 8527 5066 8303 479 7492 6543 5452 324 6401 6504 1355 991 5228 6183 8853 6807 5324 531 4571 9351 2835 287 9910 8548 9603 467 3941 604 7772 3369 
9762 4186 5742 7270 1907 3278 4347 4766 1551 5942 5066 6163 6872 3119 395 5234 7170 1312 114 5458 2556 7948 1771 605 8600 5562 7213 6544 304 3222 5687 8158 6377 8285 9563 1691 703 7207 4269 1563 8673 7060 4756 7823 4853 4765 5699 1279 487 9786 3563 7845 1224 4193 4994 5646 8433 2431 2482 1709 9526 5148 1467 3789 2827 233 5609 42 9653 8153 3576 360 7441 1030 4323 2026 9914 2402 5098 6954 6825 4859 454 9505 7480 6477 116 3568 8753 3468 6157 5359 3362 7036 628 5042 9625 998 544 9693 
1907 8033 8221 8600 3278 1740 8153 1709 9009 487 2827 7270 6098 114 6876 3875 5378 5742 4105 2924 2679 4756 3811 3060 7656 3458 7974 417 408 8847 6933 6979 288 9563 5233 2880 6925 2921 5167 1280 3633 116 8324 5229 4382 7948 78 6886 7536 8181 1450 3468 6890 3748 1612 9507 9693 7590 1486 3922 4193 2254 7391 748 8744 6934 1820 4347 9787 2116 2026 7036 7879 7754 7081 7627 3577 1990 1396 8879 6823 8384 703 8838 4454 2402 3314 6454 8032 5246 9914 230 4155 714 1504 6879 9697 7742 9625 1436 
6532 7374 2404 4509 8127 6417 7650 211 531 6152 1053 9739 2881 3294 1603 8146 5932 5671 8700 8265 5984 2291 7929 6782 5492 1160 3730 5792 6190 2652 3970 9691 5072 2249 2643 5725 22 48 8094 8501 2987 5749 2713 9550 6156 768 3047 7752 5247 5945 9100 1149 4310 4125 5061 9050 5077 12 4211 3495 9381 2559 7731 5944 1776 991 1371 1624 8491 1293 2347 5220 899 1104 7310 5452 2117 8296 9369 6486 1384 932 4900 6472 4829 5972 9122 6491 7470 1173 3049 8195 405 574 7620 6302 9475 7853 3941 6147 
5234 4635 3113 1825 5702 8682 1226 9521 572 2935 8325 4438 5935 6406 6454 8871 8742 4676 9498 2347 9357 2297 5902 952 3742 1510 814 7652 8973 1160 1215 7709 669 9844 991 1845 474 621 706 4911 2806 4569 5591 953 7645 3605 2180 3926 3689 1359 1491 1878 8702 4675 3791 1747 3532 4372 4804 5792 3103 9867 8317 4151 6086 928 3425 9657 1803 5024 5806 3993 6978 1371 7394 4556 9515 9550 514 5326 5465 1451 6003 9803 1289 2278 5703 1603 5957 7650 1285 9122 3399 8640 2643 2327 2405 7752 1972 1772 
8563 3655 5670 1970 9003 4460 5676 4520 1901 2863 9357 5235 3590 2621 6547 1745 8074 3917 5666 8782 4416 6771 5462 5722 3869 3221 6338 1707 9741 4411 8640 6985 2318 4313 2729 2995 4072 4475 6944 8645 6974 8038 223 9248 7950 1011 7047 8050 61 1350 8016 6138 9626 9201 439 8089 2676 4178 9674 2885 4953 2815 5409 4013 6689 3585 7740 2096 6074 9812 3445 6954 5830 7274 5835 5617 6982 6085 9010 5234 629 568 3309 4975 1955 9902 7879 9695 8765 6227 7964 9491 4823 1552 755 6870 1813 8287 645 5047 
3308 6604 4375 1528 4729 6788 868 1552 7302 9509 3660 9286 8777 96 9538 995 790 1916 5021 8520 3270 1578 5126 733 4253 8701 3712 3269 9533 3295 1933 7626 1730 5298 4421 2557 9849 1555 8869 1679 275 1616 600 5495 7855 9430 8968 8247 5489 8012 3393 3135 1713 6281 7028 1073 9318 9237 5617 4783 7714 8283 8220 1343 2762 2974 6846 8286 4466 8781 6732 2026 2458 9316 9115 9213 3874 862 5486 2465 7045 5232 1284 296 5468 2070 2272 236 5356 559 5107 2691 9645 5797 85 9900 3655 5181 1372 3222 
1239 6696 7324 8457 5679 2658 4934 7771 3546 7582 8093 6501 1815 903 9427 2308 9639 235 661 6578 3235 813 7203 3248 8043 589 101 2972 2582 4860 4533 2573 9566 1680 137 2487 4899 545 1244 5494 3100 1533 4996 6875 3906 5724 7945 4500 9059 6718 2263 7064 3954 6832 26 7245 7161 4283 7522 810 2205 2142 4244 6735 9224 1927 4801 621 1122 4163 85 9880 2759 7511 9759 5851 8644 2895 7875 5805 2833 6241 280 9102 7481 799 7362 1139 4308 7253 2004 2770 4285 2094 100 1136 3499 5691 3564 382 
4879 6495 9830 5529 1881 6983 3575 6254 8061 2631 901 3675 8111 8154 2940 8259 7204 516 7579 1566 512 3324 7988 9564 8645 620 1618 3115 9177 1268 1857 6976 930 1409 9283 6083 9330 5047 8764 2958 1885 6220 8215 3792 1707 9627 3209 9412 5832 6338 2621 2696 2333 1997 1511 2023 1655 1814 6184 5973 5398 9873 1955 7933 4275 4298 186 4172 1444 9488 2636 528 3765 8403 4520 4360 4514 200 5737 6665 239 1350 269 3462 5635 2417 3445 7521 5565 3315 8226 7337 1866 7059 9174 3732 523 5 2176 2410 
8882 6989 811 861 9601 931 3896 6630 4792 8120 7626 7917 3257 3077 6180 9442 880 4988 3595 4537 9313 5377 8071 1674 5720 9617 4188 8331 8352 664 5173 8006 3873 8785 8329 6298 7497 5893 4485 2694 4717 5658 4605 9356 3299 1895 5434 8598 4138 7027 3673 8935 6345 5640 5839 6558 9298 2193 7576 341 5795 7859 3262 8082 3542 5149 2097 7769 8923 4606 2565 721 2455 1006 8756 9476 7591 1209 5522 1861 9246 3150 3242 7212 8751 9699 6393 4158 8818 5393 4581 8987 7332 6387 5015 1842 5219 4655 7687 1580 
9922 2697 5869 1435 3084 1826 7893 7758 2890 8667 9439 79 892 5915 7993 1546 7775 3741 681 8276 1659 7592 1115 9255 1925 2999 1495 1391 1155 4613 2488 1652 7982 5636 6762 6348 889 5701 5859 5501 6697 7333 9192 6418 5435 5779 5887 9163 5644 1436 4815 7163 6980 883 5753 9732 1079 9644 3028 9889 8384 3596 3837 7000 1911 752 1182 108 5009 6397 8021 9016 8421 1191 9171 25 7029 5740 674 9715 4981 9380 6243 2280 1228 1086 3766 8436 9770 9637 3709 6874 3370 1914 6317 1499 8077 9208 8283 2113 
8508 340 5719 329 8218 3853 7472 5183 8246 4680 3048 8603 6384 1156 9814 2105 429 6672 1275 9448 7997 7755 8305 1729 4477 5556 8487 8910 7122 7446 9125 9275 1418 9466 4007 9870 4723 6012 2009 6500 7453 1395 8799 4813 4249 122 4114 4051 7174 7682 8002 9269 102 9499 5449 9103 2515 2166 1243 7052 5153 5925 3918 4381 3159 2154 5405 4196 6835 9278 7978 4715 6903 5227 7126 6552 707 451 3173 8876 1054 1065 9422 8986 8606 1061 5348 6786 3326 6878 6274 3139 3562 6790 8862 9558 7895 8580 5113 4237 
2366 2300 4192 5650 3681 9837 2378 5880 8028 8187 873 7686 339 8940 6693 6047 3928 0 1072 5470 5157 1805 2567 3575 2504 9795 1151 6583 4933 3492 437 1646 4636 7720 8950 2447 9346 5542 960 690 8260 1125 8155 186 3792 3009 2426 755 8793 2218 2511 2701 4022 2060 2737 1955 659 8447 523 8061 5292 1062 4411 3325 901 7955 4365 7909 2262 7204 2940 7870 8761 324 7552 2213 5519 8110 6402 9778 5957 3013 1655 9784 4330 8 7950 8567 9689 5235 3279 1751 5177 8714 5624 8853 1357 4823 592 6694 
7117 30 7089 7341 2032 230 8042 2839 5599 5596 261 1977 604 9824 3531 3969 6212 7853 8488 2610 194 3550 8734 9690 1745 6505 3739 9176 7320 7307 5550 9235 3957 6818 3717 4234 3922 6647 6585 2938 2331 4340 6648 5345 3282 9811 7057 3693 4572 7601 9740 7387 5942 7844 529 9386 7172 1532 8108 2649 8718 2028 1966 875 7442 2632 1396 8716 5093 1515 3232 9039 6022 5070 6751 748 3258 2138 4694 7115 7391 5334 3834 4030 5924 4615 8040 3688 1177 947 8397 9469 4847 3369 8843 5357 6893 2889 1169 1884 
5066 1492 4195 1788 7036 9144 4021 795 5255 4788 1536 9701 1962 5796 1351 2224 357 5223 6200 54 2509 4399 9893 7044 9081 2563 6454 7589 1964 5562 3283 7180 4501 2738 2065 5164 3624 6043 9470 9490 4269 9714 8384 6166 9378 5120 1791 9751 4608 4574 6865 4430 7081 5646 1701 8181 248 6823 7192 9276 6477 1763 7038 4584 5148 5368 5094 5195 4193 7143 6448 381 1109 5408 2026 1024 8548 7293 2072 9368 1551 8464 9179 9295 2148 6018 1990 9414 360 1505 9752 1742 7904 9563 8706 2988 7580 3347 2546 1336 
4409 3669 2114 6015 4439 821 9057 3207 2687 7256 6152 2386 4874 4400 4972 4804 9544 2156 905 4438 9541 4165 3388 6574 9498 5216 2604 1007 6843 2756 4980 7470 6813 8959 2787 8988 9079 9392 574 5074 48 9492 5134 9871 3607 9231 4946 2817 4640 9983 1670 5028 7701 3559 8448 447 6508 679 5281 3971 6695 6661 7369 7885 1760 2935 2969 932 1215 524 5657 4329 5792 1148 8094 9924 3390 2005 7518 2652 80 8209 3003 9542 9638 9475 9664 125 5863 2966 1123 2347 697 7957 4794 2359 2806 7054 1321 2168 
292 6727 1693 3164 240 245 4273 1283 8307 7685 924 5957 1985 1189 1070 82 7489 925 7049 2241 4757 7652 2896 3291 4675 4504 1825 8851 2200 1285 1733 5538 8871 3076 666 8093 2664 8248 8277 928 1244 1160 6121 8182 3701 2713 8786 8325 1332 525 6350 4080 9763 2347 211 4699 7205 2806 6010 9521 1371 2606 3256 4329 6707 280 7765 6497 1510 8418 1215 9966 6189 6086 3083 1661 2977 4067 2935 142 1846 1401 1667 5738 9060 8644 6457 9369 2245 1060 3072 9840 7149 2297 7300 5696 1104 527 2987 5220 
6156 4125 1776 4699 5984 436 406 3287 2688 5777 9219 6918 1390 7188 9840 103 237 9516 405 7318 7310 6438 9233 5417 824 5049 6782 1149 3970 6136 8133 3423 3113 5811 6997 8700 9475 4496 8909 5624 3072 1371 8524 2887 8602 3993 3432 3390 3202 1767 5587 6491 9327 8865 9743 8182 5614 1401 1883 8491 3377 6907 1362 802 5088 8570 8720 2776 6095 1173 8632 1160 6769 5944 7533 697 5837 8655 7650 2090 9711 5945 4524 7668 4462 1406 3730 4390 925 4329 7210 6991 9692 7752 2347 3902 4223 9238 9871 389 
724 4392 2444 2898 5269 180 864 9391 4443 3681 7546 5486 3134 8098 9099 755 4974 6454 7081 5261 7642 6511 7425 7418 4566 4077 9356 1310 5711 8047 3749 5259 9229 7047 308 7822 7422 4811 8881 7036 162 9507 9709 1526 5255 4196 3854 4013 5646 3614 1108 5333 2177 5784 6823 2188 7841 7510 559 3802 9543 1466 2436 7348 5021 1090 1447 856 3612 1176 8249 7304 6097 8181 5402 9160 7390 2953 1738 4319 5066 5503 6764 2272 8830 8999 8706 2092 2276 9410 4088 4144 3853 2453 5162 9423 3087 9563 6372 2301 
1995 3809 9047 9603 3613 1801 3655 8038 5662 4333 5070 9111 5271 4181 8722 4050 9811 8569 9483 3862 4694 1521 9741 1773 7837 6373 5313 9847 2668 8796 3396 3407 5889 604 8129 1721 9159 6106 918 9606 5951 8042 6482 612 9326 7602 9268 731 2791 627 8279 4816 9337 3031 8197 1246 1937 6162 1712 7712 9781 896 4730 5267 9808 6537 5119 5919 1831 6271 3998 1464 6376 4848 4201 3041 5764 3380 3933 6370 2357 3327 4378 3780 3938 9546 2835 7253 8287 797 2715 4375 8148 5678 1396 2547 8498 1927 1818 2445 
7245 911 9316 1172 9113 1059 799 98 6241 236 2658 2972 3154 9441 8293 7161 7244 6629 100 213 1088 9420 3697 5343 5679 8895 4283 5290 5221 3235 8469 4200 6237 7066 2976 5181 5413 2181 8616 3296 8641 3901 3648 6712 5824 4996 7462 6718 4285 1570 3261 1602 6363 8093 2285 8043 380 8437 1332 4967 9367 2454 4533 1445 2047 7621 6260 101 4488 2844 2305 2765 3092 2308 9427 6774 1933 8535 6628 2102 8582 5741 8772 3628 2780 1562 9754 2316 1748 85 5176 6058 4244 6406 1294 8931 7875 1818 903 3004 
1984 5716 3391 4500 9669 5549 4220 1016 1927 7305 6273 8373 3791 5003 4649 1032 5493 6696 5390 6126 382 4597 101 6198 1818 7262 371 2668 2573 6910 2951 5191 933 2167 7875 7896 2377 3906 640 3248 1951 9111 9409 9066 4201 5647 5662 85 5187 4949 9932 7587 6686 4660 1012 2911 7176 4378 5851 6951 7872 4222 3702 1088 4576 1995 7362 2891 1339 5536 1431 9578 6682 5389 7056 4283 6187 1712 5566 6594 4259 2759 7253 1313 9846 6774 7032 5243 5807 1606 4862 4181 7186 9427 3816 8068 5010 4498 661 8086 
593 9810 3848 8893 5610 7691 4911 2769 8575 4374 7377 5234 5880 537 5970 5702 6182 6954 7632 935 5991 4453 7720 3201 8333 814 5664 6141 8839 544 9978 4108 4698 5137 6820 2084 5216 9121 5657 3144 409 4888 9079 1359 4569 2216 7112 4146 290 5297 8600 7500 379 2786 2737 3705 6641 6344 8 505 6114 4365 6232 1220 2358 3249 8959 3840 8429 7762 8950 337 7750 9126 9768 5066 6454 1349 3686 6341 8748 6575 2690 5326 9867 303 8239 1272 2556 3346 6525 8200 6322 1990 1454 8434 5895 8423 6185 6878 
3832 2771 2909 7492 9905 5540 9882 2843 7786 8950 204 6803 8065 2502 4831 7628 7167 8485 6709 483 7030 6858 8395 7634 8804 1784 5731 1665 6292 4766 9887 7646 2366 6692 3760 8255 9540 162 3661 6329 1443 9226 6721 9627 7114 8251 8096 7819 6282 956 2148 3821 602 5380 6048 8505 5646 2374 8127 1698 324 7891 4704 8849 7183 1558 386 1658 6612 466 4574 9846 6401 4223 402 5105 4873 5895 4322 6708 5373 8527 8820 9392 1002 2397 4447 1766 7563 479 520 6823 9941 3026 1939 6949 5157 8150 265 5452 
9761 1488 5059 1090 9294 5621 5880 9437 3681 8593 2412 9356 8968 8228 4784 7665 649 1704 3163 6466 3800 4687 5292 570 1732 2962 9819 8928 7576 6827 3448 7671 4145 8217 2779 3889 4275 3077 2301 6731 9391 6232 7214 6660 513 8352 7422 8331 2193 5241 1686 1839 2098 9310 5423 3087 5578 8935 8504 5407 5528 1247 9849 5876 2698 8882 4365 3452 2474 5174 8006 7642 534 3402 4111 1479 5503 9699 5097 9917 9259 8886 6929 1648 7325 9239 7360 8665 1682 5891 1861 4953 6345 2097 8008 5182 6728 1857 4917 4033 
1984 3941 371 4124 9858 6271 268 4181 3380 3240 9381 5716 5549 9343 2791 8796 2320 9337 4849 2555 9739 3847 5662 7050 4220 3791 4500 4176 4806 7086 5725 6162 3642 9872 6190 9111 3933 2110 9326 8716 6198 217 9133 604 5191 6370 947 9886 6782 9098 9072 3816 1276 6673 5807 3637 4211 9669 736 4649 6978 2382 2600 7186 4995 7149 5951 8094 6594 6774 5456 8644 8895 7861 4595 5262 9542 5193 9288 2951 4491 7652 6049 8578 7034 1954 1872 4662 8093 2356 3385 4375 3248 3247 1778 1943 8068 2407 4714 9159 
6727 8786 7489 9060 924 2987 928 6707 925 2896 3053 8093 7300 1953 292 1293 8307 6010 3164 1543 2241 8642 9763 8644 245 338 1733 1160 3291 4329 9702 8248 1587 1442 8003 3582 2356 9864 8277 1661 8281 6767 327 4662 1189 217 4310 4504 5445 1872 1483 6095 3076 4335 6782 6189 82 4067 5061 6457 1693 7907 3701 2200 3758 1886 4273 7205 872 1401 666 5456 8325 211 5146 1846 1667 6334 1586 514 8957 2936 4675 1070 5096 6497 4211 8044 9183 5696 9492 5957 7118 1758 5475 6350 7770 1104 1765 5591 
1704 8649 2825 9849 553 5478 263 7787 3740 6049 377 3712 5819 9667 5495 4607 392 977 3308 2665 8781 4951 6871 1240 271 8818 513 96 3595 3322 1049 2495 5298 8842 5010 4991 942 6702 4655 7892 1676 1934 1257 6701 3560 9277 2993 8921 8325 8228 1946 6419 7360 2458 6604 5257 9237 6758 1861 8012 1809 1578 2358 633 9040 3953 4764 1429 603 1606 4351 1552 9202 2764 4191 3005 8855 6143 1863 5937 9586 7652 3850 1343 831 9220 5714 4378 2332 3629 6175 5126 7811 70 9773 9675 1117 4519 3290 8987 
3489 9141 3231 400 3398 4055 6432 6165 4424 5923 1305 6202 1456 1448 499 3275 1430 2277 4059 7404 1819 1009 9376 3411 611 4772 9132 5041 2041 3098 154 4661 2742 8806 2134 8496 8898 9273 797 2675 9720 7858 6122 4043 7322 2804 3754 6313 8996 6977 4140 2357 7753 9955 3959 1473 7549 8596 1037 5648 1345 2430 4816 318 2364 489 2740 7609 4385 2850 4857 8205 9792 5575 8177 716 203 4050 9023 4201 5267 6430 6357 5530 9661 6593 8711 6360 826 248 6164 4106 9725 8569 8852 2509 8848 7643 4315 7570 
9457 6472 1457 2802 7079 1000 2531 8678 9597 2267 4586 3983 120 722 1013 3272 3541 375 4126 1778 2820 2183 822 907 2865 4746 8516 5466 572 3297 6662 5245 4709 7363 5725 7233 2689 5308 5467 9846 8127 3047 4660 4562 6972 1183 3034 6002 5975 3989 8700 3151 1381 6560 5924 8711 4628 9594 3855 8152 6504 8479 1834 899 6244 1803 9813 4049 8766 8200 2292 6417 4782 3337 4795 7292 4420 7058 531 34 5549 8090 6141 6993 3017 3533 4809 5775 1588 1053 2873 6620 8001 877 2295 6730 6332 2227 1999 1984 
2457 9039 5053 5133 2629 4572 2889 9630 4420 6056 8488 8718 3258 3947 2810 7341 1532 8936 6048 9977 3488 9646 4845 974 2462 1529 7117 2484 2151 7606 354 786 7864 6555 7057 5972 246 3969 9329 2990 3652 6818 4090 6212 2331 5392 2400 1177 5061 4018 2663 2839 1902 294 1515 6015 3523 30 5093 8275 2341 8042 8141 5596 8344 7853 6302 9186 8573 2836 7624 9274 5334 5276 4058 5599 1921 8815 3642 3717 6807 8347 4431 6441 9568 1359 3515 4288 6699 5924 3888 9179 3550 2168 1959 2987 6893 9235 8029 5907 
7013 4432 1792 9026 5697 2137 493 8922 7986 8608 5665 8841 4660 5826 7681 4545 4410 9821 6581 9929 3447 9708 9950 6218 5831 8453 7362 8113 9846 168 5329 2335 7391 3964 2435 8138 776 8937 386 8648 9941 1309 8346 7393 1788 7768 6801 7977 9342 6429 8920 7857 7088 1415 4657 3744 4678 8900 5237 5691 886 8948 6321 7113 6734 7056 7179 6161 9676 2443 7275 1854 3966 7065 1446 3255 3954 749 6876 452 782 8759 9557 3131 1736 2106 3753 2865 3589 8544 248 2782 6454 2788 9098 6360 3539 9247 4382 4541 
248 744 1884 8214 6757 6770 8800 7973 5042 9846 7599 7114 7189 5709 7100 8900 3821 6962 9527 8035 7492 5603 4919 9941 230 483 1764 1005 3958 9226 4683 9397 3038 2925 5368 7056 766 5162 9595 3251 5367 5096 168 2142 9751 7695 3142 7525 4288 7210 9096 5858 9338 1788 4481 4500 5742 4458 9665 4894 335 5665 5851 6374 2901 8592 9342 2802 5930 503 9609 9066 8937 5761 7391 4163 7856 2784 2546 6400 9253 5032 7281 4398 8092 7756 3753 7986 1091 4574 7697 2759 4660 1766 2116 424 9485 182 8125 4469 
4380 1844 7437 9257 7962 9489 9473 5250 2303 727 6509 4300 6792 9031 6093 3901 1095 4817 6967 9998 2857 136 6356 6129 3208 3017 1000 5062 45 2504 6442 109 4592 7085 9069 2823 2520 2644 1336 2875 5771 1928 4142 8072 810 7202 4370 7324 7229 6526 5901 2895 4285 272 2229 799 8695 5168 9929 4773 5647 7485 2022 759 2245 9828 6567 2308 7457 3167 2004 9662 9074 9531 6424 7621 5095 17 1680 9616 9094 4283 4455 8458 2024 3343 6337 6079 7462 1244 2038 2399 3871 4739 5290 6494 6636 3499 7785 5766 
2092 7642 7015 6511 4405 7230 942 3651 5939 8710 752 6427 2318 667 3124 9636 9303 6402 4599 3211 3356 8788 3764 3794 3506 1515 3570 6780 1433 3944 7926 3306 6759 9721 4275 6742 2878 9906 6658 6301 3643 7879 8384 9117 2931 2940 3854 8971 8440 7667 9873 1904 3917 9135 2991 7775 6771 9330 255 1993 7075 6852 5039 755 9201 6275 469 3662 7559 1970 3424 2068 1179 8089 1955 9580 5670 999 7982 1444 2280 5223 3221 2736 4416 937 7853 9706 7081 104 179 8567 4855 3455 5722 8563 7304 2766 9908 5461 
1769 9636 4365 4712 1871 5891 2698 6959 8705 5423 8777 9907 1704 5210 9494 1462 7562 1522 1049 8456 3681 1804 3664 3750 1552 6846 6937 3733 5103 6584 8089 4714 513 3849 7422 882 4023 4179 3440 5670 7072 9391 507 1300 3889 9761 4464 431 5880 4071 6316 1335 3016 4784 709 4507 5789 5585 9205 6742 6553 3448 3024 7787 755 7538 9318 4384 8625 9015 8811 4362 5264 9819 553 1863 5259 8593 9398 7395 65 5292 72 1850 7004 6927 4253 5051 9456 568 8507 7850 9850 864 9937 2057 6104 5973 4402 9972 
903 8093 7621 100 8325 527 4659 137 5538 26 5878 6096 6237 7205 5591 9675 4244 1239 8328 6501 3517 8790 4247 5741 2285 5355 1244 9427 2573 8644 3991 1539 2094 5846 7110 5311 8418 3256 1332 2587 280 9441 2877 8043 621 1996 9587 4229 5343 4785 8980 7244 964 8616 101 1932 8641 541 8404 2101 6196 8895 1294 7457 2658 8695 1848 759 1283 4191 6696 4251 3835 661 6169 8457 7945 8292 7522 6058 9799 6121 813 6445 4996 2181 6701 7952 3154 424 6712 6225 8080 5290 4285 1241 2896 7915 5146 2308 
864 737 3487 4566 2468 215 4692 6764 7072 6988 5051 8741 5747 8938 4294 4297 4563 755 5727 2177 3171 4446 2725 3134 431 7686 767 1522 4013 1981 8705 7043 8976 1791 507 7081 4820 5361 1526 8492 1310 803 7425 3674 8442 8811 9099 5394 9303 4443 1501 9479 4714 3016 8202 5405 5388 3336 6681 469 856 3733 1403 7476 6763 5485 7204 5646 8878 7348 2020 6473 4824 9904 8098 7598 3215 944 308 5926 7228 2048 4005 501 758 6125 3320 7625 3177 2128 7505 4962 836 124 162 9205 3802 3410 4196 418 
2059 5715 7034 2666 4512 8157 4097 2604 3669 9638 5028 2156 8620 3549 48 4296 5895 6695 3559 9431 3232 6574 5386 6508 9542 908 3388 6813 2792 9560 3207 848 7145 1007 9994 4439 5216 4980 1169 4409 8716 2712 2756 9951 5102 5634 4400 8721 2669 9349 5657 4767 206 5326 7660 4958 9983 8988 1753 8167 8694 9496 1123 9079 9775 9658 7407 9858 9544 5905 384 9808 3603 4834 6364 1276 4165 2386 194 7369 8894 5548 4438 5077 7134 9739 7030 3608 4714 9856 706 8959 9602 2687 7099 2359 4972 2848 6341 5369 
5652 6999 2685 9712 3068 462 5183 1526 9136 8654 8746 8172 7285 3975 8834 8316 6152 1800 4714 9231 4297 6427 5336 2470 4557 914 156 316 4402 8438 6814 1761 6672 2406 36 6061 2963 9978 8829 9302 4002 7957 4374 3888 5441 102 5767 6602 8094 3757 8031 4643 6091 8893 147 3448 5459 6491 1540 5331 9433 3854 4980 6790 1162 856 2552 1226 9541 1791 1310 1440 2168 788 9648 905 6724 3288 7832 1865 7337 9127 116 162 3090 9187 6641 3059 974 9462 2114 9073 175 80 5595 4400 7082 1551 1597 7017 
6660 1732 7671 9552 6731 2474 513 7576 9277 3163 570 8751 5182 2412 7497 720 9917 8331 1861 6630 9667 4358 3448 7665 8987 771 8926 7027 4365 8006 5528 6827 8593 7360 1488 2301 4953 8598 3299 882 6210 9874 3150 3065 7917 5621 4033 3681 9849 2779 3077 7142 3595 7787 3262 6345 8329 5059 5407 7215 3953 1593 7352 8540 1674 9476 7325 9761 4138 3383 861 9699 9310 8882 3919 9246 2861 8352 4326 9391 5513 1049 3733 4784 8217 8649 5744 9244 6297 6929 2694 1429 7053 9356 3940 4917 271 4111 6123 2097 
5234 1359 4911 1773 9357 9741 6085 814 7274 9914 8742 5991 6434 5253 1289 9793 2 9854 7645 5872 1226 4375 7872 4463 7712 5453 6822 1818 7160 6454 9035 8559 9588 706 944 6873 9824 6894 5313 7391 1856 9867 8231 547 3689 6406 6820 2207 3773 8640 6484 3984 4260 5833 7866 8875 8050 2185 2831 9687 7081 1356 4474 5702 7130 4032 5783 9198 3532 5077 2690 4679 169 2028 2411 2401 9942 2535 5590 7488 482 5326 9693 3176 3041 7694 4734 6055 8201 7402 3313 9810 8144 8181 4698 830 8383 6844 8224 4282 
4494 3777 4450 9128 2936 8642 8847 2194 7253 1094 5963 8289 9059 6010 6757 2833 4429 5541 9621 78 5870 7983 7391 9436 9091 6682 1442 7964 2200 7651 5249 4208 1894 3807 1693 7599 4597 1773 6767 8503 9556 9312 8062 5800 9939 1764 2061 7200 9527 6962 4500 9632 1718 5096 7541 8190 744 872 8277 2686 3053 6434 5424 5849 253 5615 9060 1189 21 4105 881 8093 3142 6686 1733 4902 4220 7114 3230 4749 1331 4959 2818 3998 1700 5206 3251 5877 8919 7873 4273 1032 1224 3408 5542 7362 9931 8800 4259 1003 
9006 6812 7835 9999 448 8902 1681 3090 5610 8833 2821 5130 2948 4692 147 5381 6928 512 3485 3119 3725 3365 2220 1981 4648 9987 726 4727 9155 6833 998 935 4766 1783 7044 3576 7832 175 4656 5361 5448 1454 9197 1936 9737 5359 6195 3804 2719 2143 4596 5836 1084 3893 2003 9762 2963 708 2711 9776 102 5699 6586 9825 8407 6473 5317 1101 5578 1898 560 9397 3066 584 1127 1353 3575 8433 5066 7585 9750 6980 5547 6179 5403 1761 6819 2036 6472 1355 4663 4839 9655 3591 7745 2368 6448 1093 7014 2639 
4911 5234 1289 8600 9357 8050 7948 2207 1773 4032 547 5253 6820 9741 7436 1359 6406 6484 7160 1226 1818 5872 4463 8742 706 2831 5980 8116 9914 6434 5783 3277 941 3911 1467 6873 9793 1831 6454 5313 4160 6119 9625 814 9300 7391 8093 2383 6170 9867 6970 5764 6754 7474 2976 5910 6919 6670 4450 7409 9588 482 5800 8640 2535 2254 8559 6718 4260 5833 3882 4967 573 3303 9951 1012 9663 4734 1856 9693 324 5630 9785 7712 4290 2138 3633 6085 9423 9069 692 8224 1490 590 8847 9335 414 7488 8682 4490 
9388 5501 9171 4195 9734 9757 8555 5195 1050 5753 3063 1945 1004 1391 357 7096 8283 4430 3278 6200 3347 1492 1612 1787 2130 258 4015 7741 2243 7081 6890 5066 1185 6588 6589 487 6418 2072 5233 9414 6319 6306 4554 7536 9380 2838 5787 8276 9737 1436 7448 4347 1499 8060 187 5112 6762 1425 4184 3249 2999 6586 6829 7851 1495 9016 1788 4778 4608 2974 6876 8406 3058 9192 2760 9771 8384 3370 2888 2650 675 9071 42 2259 3823 1200 3596 3033 9701 5605 5866 1330 8746 8522 2852 9631 8055 752 2304 7029 
4884 977 3835 5886 8325 8404 5260 4267 9352 5591 1979 5538 5040 8506 4822 9576 5280 1216 9675 6440 8871 7807 7780 5865 8601 6143 4080 6196 9901 5840 2325 3905 6225 6496 7522 8311 7449 5355 2665 6497 8080 280 5696 579 6368 7205 4229 4364 5674 3916 527 3425 5191 1946 9210 9515 2101 9966 9405 8652 3564 8236 7466 6445 2664 9894 6922 2759 1848 6701 8851 621 1606 8478 7457 9133 2731 3697 8093 6727 2840 9579 4764 9952 8387 1244 6656 3290 2423 8418 5412 2316 3825 541 1872 3319 6357 6049 4095 1139 
4193 4478 8666 5942 3038 8843 1024 9563 8821 5066 1677 5233 2491 4766 8753 8084 123 4386 8481 2907 795 1077 114 6188 5694 6454 5148 3445 7514 9120 5223 2313 8439 83 5458 5094 9647 3576 162 6606 3599 5446 3283 2659 5866 8433 5255 8490 5054 5742 1025 9762 7693 4574 7589 3280 6823 2014 628 7036 1001 1084 1536 7373 5550 9787 6726 1351 4186 6778 4579 3229 2431 1205 8181 2456 5628 7597 9693 8285 4195 4889 4527 1492 316 248 6213 5234 7544 6448 42 5843 4427 2869 2341 210 4679 6219 54 8034 
9369 6438 7533 6991 1767 5725 6457 3483 3482 7650 2117 7188 5587 6224 5452 6190 1654 2642 4125 8570 8094 1171 4672 4524 6019 1776 3970 8699 1276 3202 9492 1293 1401 8133 7752 3072 1883 8514 5088 8127 436 5811 9219 574 6022 6136 925 1510 5049 3432 7210 7310 9664 2806 1149 3377 5072 6782 7101 4390 1123 4223 824 4904 8494 405 2643 6577 9475 9694 1384 8178 1586 4438 5188 9516 6664 6904 2223 2652 531 7719 9133 2887 8364 1667 8702 928 5220 821 6621 3730 9739 6491 1390 237 1229 6532 7381 7374 
2637 6206 6886 3922 9787 1551 9736 5761 5954 5378 714 2854 1490 288 8138 5082 3468 273 209 5066 5320 9693 7900 748 8600 6836 4861 5988 598 5562 4760 4912 3314 9855 7270 5437 879 844 7693 2293 4825 8076 3389 4338 3868 4312 6336 3747 7445 8369 8838 8911 9470 6454 6855 8591 1787 3458 8053 2880 5111 6908 9591 3060 544 7854 8221 6230 42 1993 7826 9061 7349 591 7709 2583 114 3155 8285 4629 3739 8677 6469 6244 3988 8693 9893 8782 9453 2068 7434 7986 9824 8257 6823 1672 3459 8621 7103 3693 
666 7049 4902 240 8851 1693 7300 1285 3164 8871 8786 3333 6727 2241 7083 527 6189 8969 6121 292 2664 5231 7685 2977 5538 7205 8601 1332 6303 1825 6350 9042 4067 8093 5591 8325 1189 5696 349 1733 8418 7210 6888 4757 6169 924 1070 6115 7489 4683 3701 7652 2200 6497 9864 1972 3053 1161 1283 327 6614 9763 34 8236 3274 4087 1846 4458 8506 5862 4329 1104 928 26 5521 903 8695 8644 6624 1848 4807 4095 9060 4589 6017 8182 421 137 7316 7024 5146 8307 3425 9264 621 5957 8277 7770 4080 3629 
8325 9894 6496 5591 4364 2964 7490 113 9405 5511 2325 6196 8616 5000 3261 81 7915 3835 3441 9585 2731 8328 6701 527 8387 5840 9515 1946 6143 1216 4080 8404 3425 4822 8855 1465 9675 3825 6357 6440 3629 2073 5040 7186 1671 9952 7466 6225 9767 5680 6758 70 5875 9800 5940 1712 4659 9225 2466 6215 7063 920 1943 6571 5616 4848 1641 8418 4191 1934 579 6368 1088 4229 8311 5696 7205 6445 6614 1491 1252 894 6126 5086 5350 8601 5055 3235 1313 4135 4095 424 8236 2116 1543 5146 2203 8469 5905 725 
3912 6672 7949 5737 2551 1800 7119 6749 5047 7635 659 6985 1955 8154 6127 4369 6283 6974 9357 5531 1117 601 2855 9404 1637 6765 3781 2681 6733 7998 6835 8799 7679 3438 5297 6816 4419 3921 8862 3765 3469 4633 2914 1409 4374 5752 630 796 8867 996 1420 4976 6014 6857 337 3542 7572 4637 2845 7357 8893 8575 7706 2085 462 2627 4539 1636 3981 6108 9167 1340 5371 7416 3381 2677 6984 7922 5183 3528 6849 9961 9976 3664 5529 8710 8675 350 6635 2052 7287 1711 1141 2753 6390 3545 6969 3324 3675 5559 
3094 4872 5197 2408 9112 1503 8552 3021 5389 5491 510 7578 9297 8023 1651 3214 2399 7766 5815 6381 6512 5100 2793 5400 7586 9701 2673 728 2956 5672 2542 6570 367 9131 8510 9903 678 9481 1950 1576 6291 2328 3253 6000 3455 980 5114 640 8622 9208 9686 139 846 4011 8415 2214 4797 50 8372 7016 3371 4254 7313 9805 5319 2517 1806 3989 8713 9668 2415 1379 5928 2486 4743 5677 9990 7133 1853 5618 334 6093 4041 3662 4349 4868 3323 2947 2288 4617 5481 7750 6556 468 8884 1719 1144 9554 7934 5977 
6428 3868 54 4307 4580 4427 6876 5510 8792 4766 5763 5866 7391 1787 8326 6183 5562 9434 3445 487 5731 7959 8033 8322 4574 4195 9693 5171 7036 7207 7329 1677 4155 8153 408 6082 9981 7742 8712 2459 3392 8091 6391 116 6454 3278 288 9486 9708 5942 3572 8666 2431 6200 3875 2026 4269 2782 3622 2827 3734 6253 2234 9563 2650 9762 8433 1774 2354 5496 8439 7741 2525 1024 286 3280 6354 2491 6448 7527 1077 5094 8063 2078 9490 3887 7597 4186 714 7980 4873 8362 1312 2924 1907 7879 114 5144 7709 233 
70 1543 4662 1293 8597 4675 1104 8325 1160 5919 211 8546 2810 1587 467 2384 697 9648 8644 327 1676 8768 2322 4804 7907 2966 1491 8901 6904 6143 8947 4829 7704 8281 2665 5634 1089 2935 2980 5193 3835 1215 7652 5231 2600 8265 423 4211 1307 531 2685 2806 2159 2110 3697 899 6571 5591 5061 5774 9739 3556 3390 8094 2112 8702 6049 920 3193 1406 9725 5671 4900 7054 1518 1825 113 7101 1149 7606 6614 5055 7600 6350 8601 159 6152 3083 5696 2359 5725 4556 81 5758 6758 9042 406 2347 5465 6701 
4574 5646 9563 7081 7391 6454 4623 248 8346 5104 5021 408 3654 4209 6234 5657 4382 6581 6391 7036 2026 2509 3063 3774 4608 9507 231 2662 5729 4359 4103 9434 2724 5843 54 3445 6354 7075 6214 4195 8799 1601 1058 158 9388 3686 3614 9693 6903 5731 3487 5171 2733 2547 3459 706 8221 4307 5237 1701 1292 8753 9179 308 3850 2491 5195 9723 749 9497 3135 8042 5066 116 6823 5577 4186 7260 3183 6022 9414 7634 3734 469 1190 6200 493 1990 3713 958 9676 8879 2869 8634 8058 5226 6677 5631 3089 4883 
4902 2739 644 2850 424 6096 1635 1927 8177 3180 1854 4201 489 8418 6772 4857 4043 4095 730 4163 5267 527 7753 2675 7421 9168 9609 4597 4087 9792 2740 7049 3500 7300 6921 1996 2573 9042 2387 881 9059 2708 5890 9225 9449 5350 8601 5648 4106 4432 3194 9427 8502 7643 791 2353 4267 8848 8387 283 1285 8569 8093 6126 6357 4050 7923 2466 1533 2080 2595 5591 2134 5940 8980 8907 5086 7106 1848 7930 5466 5696 6537 9352 4645 5467 9697 1792 797 7858 7942 135 6696 3959 2402 1862 2472 621 9590 8325 
3156 7273 6030 993 3266 4230 4882 7603 2949 5570 7286 1042 5305 3566 1637 2427 4334 4017 7371 9477 2805 8998 4162 6914 8979 5431 1690 2135 6729 8687 1527 1204 7557 4664 8949 1050 1582 7846 299 5328 4638 5804 4700 8112 6099 7383 7949 5112 6120 7249 6554 7724 7276 5896 9422 8130 1759 1303 1975 4079 1475 6326 7382 672 3197 1147 6637 6150 7008 2565 4578 242 3174 5034 9333 6309 1317 2069 3592 7927 1010 5179 9499 3286 8958 6328 2000 8434 9295 8891 5558 9859 9119 6635 6016 2773 4611 2045 3596 2204 
791 8387 527 4095 5591 8361 8601 4106 5350 9590 2466 8506 6357 81 2595 730 2739 8418 7106 2731 9042 8325 9405 5890 6496 3629 5940 489 7205 135 4229 5280 424 2405 8328 4857 7222 1996 3180 4267 8177 8628 7780 2740 7316 3425 2850 2964 6196 6096 9679 5146 9225 5231 8236 5086 1216 113 4674 4135 9675 6701 2665 621 8009 1725 7300 380 2929 7490 2073 1943 8644 9352 5680 9800 2387 6571 2134 9371 6189 3261 6350 5322 1848 5919 6143 9606 1712 3256 5343 6758 6126 2472 6921 4822 5290 1161 8848 4730 
2748 5326 5228 5220 859 4766 6341 7156 48 5234 1138 8298 9486 2504 7391 5942 5289 8146 6457 629 4824 6834 9084 6728 22 474 324 3586 3950 8640 7407 8950 116 2357 1226 9551 4808 8396 8973 8714 3187 2403 5657 4205 287 5082 2642 4880 186 4831 3871 7081 6543 9691 402 6438 7030 3686 878 8491 529 8127 347 7210 9250 2905 8005 925 2311 9882 1401 574 2909 3532 1432 2686 105 9060 6525 9345 606 5281 706 8933 6954 8235 300 6401 1603 5792 1987 7961 872 2771 5072 6454 5365 2437 7720 2846 
3023 2794 1576 5618 8465 640 4737 510 334 1231 1111 4617 4992 9131 2391 8619 5045 2182 4272 1951 1853 4084 6381 7644 1644 9013 9292 1651 1877 4773 6859 2956 1135 518 2219 8345 7578 6932 6000 5299 9297 4721 5574 1431 9805 7246 1583 6117 5500 2139 2814 4872 2132 2543 8884 662 852 651 2517 7934 6134 6027 7561 5481 468 4619 5319 367 3021 2399 4809 6720 582 5491 99 728 3094 9565 1928 8824 4993 9554 6953 7225 4011 8415 7766 2947 7734 6526 1144 5389 4254 5208 7797 8572 50 6993 3830 2408 
9007 3733 1679 8830 9709 1039 3612 8219 5059 9538 8928 9991 4362 8886 3681 1682 3137 1087 649 6280 6716 9391 4532 1614 8999 4476 9244 1466 9294 5002 882 4144 5107 3308 1686 1628 5393 7028 9395 53 8651 5097 9456 6398 790 1072 3509 2175 5269 9900 8882 7822 2246 1738 9861 7626 425 5486 3242 6840 3269 8194 6546 724 1479 8071 6466 5503 5582 1710 9310 7325 6827 4148 4655 957 6939 5499 559 5893 5720 4190 9699 995 9286 317 6210 7454 2057 126 8359 8286 9849 4961 5252 8243 4253 5264 8822 2444 
3880 7697 256 2354 8375 5094 9719 4511 9665 2459 4426 5645 8468 8725 4413 7284 2491 5809 1774 6450 734 1787 7967 7179 6811 8362 2078 9836 8322 20 5236 9846 4395 8800 1838 2982 8529 8076 575 7048 6183 9124 4928 5496 2148 6481 9353 4657 9382 8138 8439 5487 4704 2525 4256 7018 5248 5131 1270 5284 2215 4580 4774 233 302 4663 1352 3347 886 2184 5237 2519 4312 212 8792 5268 4065 6206 265 8523 9384 9419 6063 9708 5665 9941 5562 573 3362 5234 3230 2104 2741 2566 5404 4672 7589 872 4315 9142 
8280 2558 9205 2764 326 3680 1909 8481 9537 6164 2950 6365 6833 158 5367 1314 2258 123 4692 2313 6559 147 6205 3008 7004 2058 7835 988 9078 3560 2821 7472 2746 3239 9303 5659 3295 4507 3874 2177 7312 9029 6678 7429 8587 5394 6525 6444 4040 7538 335 6604 6683 9963 3433 2483 44 1024 4179 6861 1549 630 7568 1643 6065 7947 4864 6947 3437 308 8407 8351 9273 4293 6374 7071 3378 3429 9440 9037 8069 8850 1860 9656 2128 8717 5381 6878 6715 5233 8305 3703 3236 8433 7899 8205 8992 4991 689 1482 
2891 9891 392 8206 5191 5566 9350 7728 6880 933 4220 7400 1943 5355 5010 4959 7449 43 7892 527 2825 7205 9556 5865 1070 2951 3457 8093 8921 3319 3845 5685 8236 3331 2107 7796 9675 9194 9220 4649 6594 2813 5412 2665 2911 6049 6701 9901 8068 8644 3564 9931 5493 8599 1953 5890 1051 1984 1201 8479 3256 9586 9784 5726 3905 4807 4757 1979 309 361 7770 8115 1189 7489 8086 5339 6682 4764 5262 3916 8855 1872 4191 9210 4600 4229 6808 8601 924 5136 8781 6727 938 633 8871 652 7522 9621 2241 2936 
8377 111 1977 1148 3888 5345 6157 127 1353 3870 6038 1884 8488 4367 5395 3042 9896 2111 9096 7931 7131 7172 4535 7987 6009 1849 9642 327 4847 7442 2074 6516 7189 7594 2331 8932 8040 3038 4471 2322 5942 4183 4919 3523 4227 8198 5699 1483 2729 4572 1083 8734 1428 2032 5816 5041 6807 2889 7307 1625 8699 3844 3531 7772 6482 3282 2615 5367 6004 6648 9697 2907 2327 9179 430 4329 4683 7526 2925 270 323 8806 5281 8460 1441 5463 4288 1775 9811 8397 6430 6986 7550 9694 5014 4018 6825 5234 5742 1532 
5702 4058 8042 1775 3207 9544 4018 2331 2987 194 4572 5895 6505 1966 5345 1321 538 3523 2114 4211 1810 2577 643 1851 9739 2629 9235 5924 3669 2990 5061 1148 3232 4535 5234 9808 9740 7704 2074 9705 7320 706 4512 1394 3652 9781 8161 9951 9640 8716 5159 5458 9362 4400 3445 2687 8815 8198 3834 2386 2992 8108 8040 1253 7391 6810 2149 3969 7864 6341 3693 7601 1625 5134 7057 6923 7089 1543 4097 9896 1532 52 5369 9179 986 2547 547 1977 6347 3165 6525 4847 2062 2790 1058 6212 467 1959 4329 4635 
3027 4075 3239 9641 1909 7330 7835 3036 3461 6878 1129 3511 6365 1389 8419 2565 1295 3472 988 8329 8534 1795 2052 8280 771 91 8351 1127 8407 3725 2773 1593 1418 6630 9826 4068 2950 8425 341 6309 5377 8069 9455 8589 4664 8751 1117 5794 3417 3286 1247 308 5238 3560 6412 6478 8103 8756 1704 931 7991 6715 7989 4648 3893 9446 4253 5252 6833 3257 1493 158 7312 4631 7212 5795 3487 2886 4249 6124 4092 507 9476 3703 481 554 1949 9656 6552 7142 5893 3873 3078 5107 630 2166 720 2605 513 9911 
2629 7165 2990 2687 4018 9739 8344 5134 2191 1484 786 855 2404 1728 9897 162 2938 783 1529 788 7759 3232 2652 4090 5093 3606 2987 1471 2386 4832 4420 5028 5414 9690 2809 316 9364 3024 8625 4640 4768 3515 7086 7601 1906 6056 4211 5310 4714 354 1501 5924 5717 7387 9218 7594 6843 6909 9496 3669 5749 2151 7345 9100 9646 9361 8265 6341 2500 6441 3603 5612 9274 3523 3049 3834 932 7277 6938 6923 9788 1834 1769 2836 3292 7441 8718 2168 7108 4540 7117 61 3114 6532 974 6105 4512 8199 7470 8202 
4580 5731 7967 9708 6286 493 6450 5487 2137 2491 2373 452 4574 5831 6183 7179 9676 9752 9399 6897 9941 1658 9887 542 256 5329 3280 734 4545 2509 3368 8138 9661 6581 2215 7681 9124 9868 1952 7284 8065 5237 4413 7080 8527 2459 520 8566 2461 7995 2547 4315 8937 9665 4501 9130 3255 8759 4511 958 5171 5894 2970 4657 386 6734 466 1352 4660 3821 3774 9342 2782 9714 653 253 7211 6391 8523 5665 265 5938 4678 573 7275 6801 6613 4686 6481 1421 1677 5234 5826 3760 7977 3880 8841 128 6454 7169 
6528 2335 782 1792 6429 8711 3910 9518 8129 1274 4618 8569 9173 7857 1752 4089 9929 3753 5691 441 4971 9363 9899 3744 4515 8922 8920 2357 7306 1448 4432 8648 8519 8196 6713 2793 8841 5224 9501 4118 7827 7064 8562 3088 1415 5756 2201 6977 907 5673 6113 1265 3344 4790 3244 9821 695 7159 6146 1262 4163 7362 837 9557 3938 6161 9376 7790 2472 2850 6566 9273 3620 7734 3451 6304 1854 7549 5955 8162 9377 8399 3183 9484 4169 3855 1504 4956 3679 9026 6215 3499 1328 8996 5347 1136 7393 9773 8388 8806 
4918 6953 7475 1821 3744 4586 6993 7558 99 6118 6957 4619 753 6134 4472 582 9013 5901 7225 8771 2751 7058 8698 8431 2689 498 9943 4049 5750 8824 2517 3948 6453 5813 7644 651 2132 6259 1928 7431 4562 9670 2395 8619 9116 6932 5299 5277 700 4826 3699 2598 677 8354 8398 3418 2189 7308 8090 5450 6691 9964 7934 8097 7233 6913 975 696 2237 4084 9916 2873 9139 202 5168 1644 2139 9447 375 5466 7292 6722 2583 8453 1069 877 5160 3151 7467 120 8738 4575 907 8678 3353 6429 2867 1847 7797 9212 
7449 7205 5355 9675 2664 6497 43 5096 541 4080 5865 6701 1946 2325 1332 6103 8080 3564 8325 5100 5886 5538 9966 527 9834 678 858 9133 9799 4884 8045 6327 8896 6225 7766 3905 7489 9080 6994 1070 1283 2818 9891 7621 1051 9515 7529 3835 6496 8404 8790 977 9 8899 4229 7262 1241 5591 55 6594 2142 9952 3319 4267 8506 4708 6440 1088 9901 4833 9589 4739 8236 2951 3274 9660 9760 6727 4600 1972 3046 3803 4789 6815 1641 8706 6445 1216 938 8093 280 8328 5282 2759 4517 4364 3366 9696 6396 6189 
3575 6511 437 2958 1526 3206 5565 3746 8259 3341 8403 2621 3570 5302 5012 8061 4910 6047 8945 8645 4514 9333 942 3719 1275 3367 1125 1617 4237 6821 6083 9682 3068 4824 5613 3985 9491 2530 6338 7323 9517 7043 4369 7011 426 3829 1791 3445 1955 1409 9340 8657 6023 6565 2736 8069 805 523 4839 8258 4275 175 8730 1759 3395 1168 1226 4631 5106 6348 2523 5398 6703 8547 9177 2066 6764 1997 7865 3714 8308 3765 9830 9574 7938 4122 1690 2963 4864 2060 3429 7313 102 4071 9022 4582 1655 259 4953 176 
1435 889 9922 5869 8667 9303 9255 5255 1652 4133 9701 1546 8384 1495 187 5887 1191 7567 9208 5701 2488 2864 681 3456 79 8436 674 5426 1230 6980 1925 1290 1826 5435 7758 1436 752 1115 7893 3766 9637 1155 3596 7775 834 9380 1385 1911 2153 5986 6397 7163 5740 5841 2697 4613 5408 2563 1630 2280 1492 9732 5474 9685 4815 9644 937 3903 8791 6348 2890 7993 5753 7982 9889 4998 2878 6326 2214 2174 8027 942 641 846 199 6742 7401 7392 5677 7000 9016 3370 1218 6043 9439 4299 1035 7016 3028 1342 
